
7546
509 573.5 1048.0 573.5 532 850 1056 931 1
509 573.5 1048.0 573.5 1030 853 1591 941 0
509 573.5 1048.0 573.5 1560 862 1936 943 0
509 573.5 1048.0 573.5 1914 849 2205 955 0
1048.0 573.5 1559.0 573.5 532 850 1056 931 0
1048.0 573.5 1559.0 573.5 1030 853 1591 941 1
1048.0 573.5 1559.0 573.5 1560 862 1936 943 0
1048.0 573.5 1559.0 573.5 1914 849 2205 955 0
1559.0 573.5 1884.5 573.5 532 850 1056 931 0
1559.0 573.5 1884.5 573.5 1030 853 1591 941 0
1559.0 573.5 1884.5 573.5 1560 862 1936 943 1
1559.0 573.5 1884.5 573.5 1914 849 2205 955 0
1884.5 573.5 2063 573.5 532 850 1056 931 0
1884.5 573.5 2063 573.5 1030 853 1591 941 0
1884.5 573.5 2063 573.5 1560 862 1936 943 0
1884.5 573.5 2063 573.5 1914 849 2205 955 1

7547
1013 767.0 1069.5 767.0 1035 1149 1735 1261 0
1013 767.0 1069.5 767.0 1708 1161 2284 1263 0
1013 767.0 1069.5 767.0 2267 1185 3042 1300 0
1069.5 767.0 1728 767.0 1035 1149 1735 1261 1
1069.5 767.0 1728 767.0 1708 1161 2284 1263 0
1069.5 767.0 1728 767.0 2267 1185 3042 1300 0
1728 767.0 2225 767.0 1035 1149 1735 1261 0
1728 767.0 2225 767.0 1708 1161 2284 1263 1
1728 767.0 2225 767.0 2267 1185 3042 1300 0
2225 767.0 2979 767.0 1035 1149 1735 1261 0
2225 767.0 2979 767.0 1708 1161 2284 1263 0
2225 767.0 2979 767.0 2267 1185 3042 1300 1

7548
394 707.5 818.0 707.5 461 1073 839 1163 1
394 707.5 818.0 707.5 498 1171 1614 1279 0
394 707.5 818.0 707.5 520 1318 2204 1432 0
394 707.5 818.0 707.5 535 1479 2684 1608 0
818.0 707.5 1593.0 707.5 461 1073 839 1163 0
818.0 707.5 1593.0 707.5 498 1171 1614 1279 1
818.0 707.5 1593.0 707.5 520 1318 2204 1432 0
818.0 707.5 1593.0 707.5 535 1479 2684 1608 0
1593.0 707.5 2173.5 707.5 461 1073 839 1163 0
1593.0 707.5 2173.5 707.5 498 1171 1614 1279 0
1593.0 707.5 2173.5 707.5 520 1318 2204 1432 1
1593.0 707.5 2173.5 707.5 535 1479 2684 1608 0
2173.5 707.5 2592 707.5 461 1073 839 1163 0
2173.5 707.5 2592 707.5 498 1171 1614 1279 0
2173.5 707.5 2592 707.5 520 1318 2204 1432 0
2173.5 707.5 2592 707.5 535 1479 2684 1608 1

7549
576 701.0 882.0 701.0 576 1057 857 1132 1
576 701.0 882.0 701.0 887 1066 1448 1130 0
576 701.0 882.0 701.0 1476 1072 1838 1167 0
882.0 701.0 1413.0 701.0 576 1057 857 1132 0
882.0 701.0 1413.0 701.0 887 1066 1448 1130 1
882.0 701.0 1413.0 701.0 1476 1072 1838 1167 0
1413.0 701.0 1842 701.0 576 1057 857 1132 0
1413.0 701.0 1842 701.0 887 1066 1448 1130 0
1413.0 701.0 1842 701.0 1476 1072 1838 1167 1

7550
411 798.5 444.0 798.5 427 1105 914 1180 0
411 798.5 444.0 798.5 894 1101 1411 1181 0
411 798.5 444.0 798.5 1392 1100 1854 1180 0
411 798.5 444.0 798.5 1825 1067 2296 1163 0
444.0 798.5 939.5 798.5 427 1105 914 1180 1
444.0 798.5 939.5 798.5 894 1101 1411 1181 0
444.0 798.5 939.5 798.5 1392 1100 1854 1180 0
444.0 798.5 939.5 798.5 1825 1067 2296 1163 0
939.5 798.5 1420.5 798.5 427 1105 914 1180 0
939.5 798.5 1420.5 798.5 894 1101 1411 1181 1
939.5 798.5 1420.5 798.5 1392 1100 1854 1180 0
939.5 798.5 1420.5 798.5 1825 1067 2296 1163 0
1420.5 798.5 1837.0 798.5 427 1105 914 1180 0
1420.5 798.5 1837.0 798.5 894 1101 1411 1181 0
1420.5 798.5 1837.0 798.5 1392 1100 1854 1180 1
1420.5 798.5 1837.0 798.5 1825 1067 2296 1163 0
1837.0 798.5 2298.0 798.5 427 1105 914 1180 0
1837.0 798.5 2298.0 798.5 894 1101 1411 1181 0
1837.0 798.5 2298.0 798.5 1392 1100 1854 1180 0
1837.0 798.5 2298.0 798.5 1825 1067 2296 1163 1

7551
1077 725.0 1408 725.0 1088 956 1453 1045 1
1077 725.0 1408 725.0 1428 947 2008 1027 0
1077 725.0 1408 725.0 1986 927 2217 1014 0
1077 725.0 1408 725.0 2204 923 2964 1000 0
1408 725.0 1988 725.0 1088 956 1453 1045 0
1408 725.0 1988 725.0 1428 947 2008 1027 1
1408 725.0 1988 725.0 1986 927 2217 1014 0
1408 725.0 1988 725.0 2204 923 2964 1000 0
1988 725.0 2181.5 725.0 1088 956 1453 1045 0
1988 725.0 2181.5 725.0 1428 947 2008 1027 0
1988 725.0 2181.5 725.0 1986 927 2217 1014 1
1988 725.0 2181.5 725.0 2204 923 2964 1000 0
2181.5 725.0 2888 725.0 1088 956 1453 1045 0
2181.5 725.0 2888 725.0 1428 947 2008 1027 0
2181.5 725.0 2888 725.0 1986 927 2217 1014 0
2181.5 725.0 2888 725.0 2204 923 2964 1000 1

7552
857 657.5 859.5 657.5 896 886 1157 941 0
857 657.5 859.5 657.5 1175 875 1400 934 0
857 657.5 859.5 657.5 1434 857 1823 936 0
857 657.5 859.5 657.5 1843 834 2282 911 0
857 657.5 859.5 657.5 2318 841 2839 916 0
859.5 657.5 1137 657.5 896 886 1157 941 1
859.5 657.5 1137 657.5 1175 875 1400 934 0
859.5 657.5 1137 657.5 1434 857 1823 936 0
859.5 657.5 1137 657.5 1843 834 2282 911 0
859.5 657.5 1137 657.5 2318 841 2839 916 0
1137 657.5 1421 657.5 896 886 1157 941 0
1137 657.5 1421 657.5 1175 875 1400 934 1
1137 657.5 1421 657.5 1434 857 1823 936 0
1137 657.5 1421 657.5 1843 834 2282 911 0
1137 657.5 1421 657.5 2318 841 2839 916 0
1421 657.5 1788.0 657.5 896 886 1157 941 0
1421 657.5 1788.0 657.5 1175 875 1400 934 0
1421 657.5 1788.0 657.5 1434 857 1823 936 1
1421 657.5 1788.0 657.5 1843 834 2282 911 0
1421 657.5 1788.0 657.5 2318 841 2839 916 0
1788.0 657.5 2283.0 657.5 896 886 1157 941 0
1788.0 657.5 2283.0 657.5 1175 875 1400 934 0
1788.0 657.5 2283.0 657.5 1434 857 1823 936 0
1788.0 657.5 2283.0 657.5 1843 834 2282 911 1
1788.0 657.5 2283.0 657.5 2318 841 2839 916 0
2283.0 657.5 2766.5 657.5 896 886 1157 941 0
2283.0 657.5 2766.5 657.5 1175 875 1400 934 0
2283.0 657.5 2766.5 657.5 1434 857 1823 936 0
2283.0 657.5 2766.5 657.5 1843 834 2282 911 0
2283.0 657.5 2766.5 657.5 2318 841 2839 916 1
2766.5 657.5 2768 657.5 896 886 1157 941 0
2766.5 657.5 2768 657.5 1175 875 1400 934 0
2766.5 657.5 2768 657.5 1434 857 1823 936 0
2766.5 657.5 2768 657.5 1843 834 2282 911 0
2766.5 657.5 2768 657.5 2318 841 2839 916 0

7553
416 639.0 968.5 639.0 437 835 969 884 1
416 639.0 968.5 639.0 980 833 1263 888 0
416 639.0 968.5 639.0 1320 827 1627 890 0
416 639.0 968.5 639.0 1645 814 2220 886 0
968.5 639.0 1341.5 639.0 437 835 969 884 0
968.5 639.0 1341.5 639.0 980 833 1263 888 1
968.5 639.0 1341.5 639.0 1320 827 1627 890 0
968.5 639.0 1341.5 639.0 1645 814 2220 886 0
1341.5 639.0 1642.0 639.0 437 835 969 884 0
1341.5 639.0 1642.0 639.0 980 833 1263 888 0
1341.5 639.0 1642.0 639.0 1320 827 1627 890 1
1341.5 639.0 1642.0 639.0 1645 814 2220 886 0
1642.0 639.0 2198 639.0 437 835 969 884 0
1642.0 639.0 2198 639.0 980 833 1263 888 0
1642.0 639.0 2198 639.0 1320 827 1627 890 0
1642.0 639.0 2198 639.0 1645 814 2220 886 1

7554
713.5 488 713.5 838.0 1332 446 1417 783 1
713.5 488 713.5 838.0 1295 783 1410 1319 0
713.5 488 713.5 838.0 1288 1332 1381 1849 0
713.5 488 713.5 838.0 1230 1883 1349 2171 0
713.5 838.0 713.5 1315.5 1332 446 1417 783 0
713.5 838.0 713.5 1315.5 1295 783 1410 1319 1
713.5 838.0 713.5 1315.5 1288 1332 1381 1849 0
713.5 838.0 713.5 1315.5 1230 1883 1349 2171 0
713.5 1315.5 713.5 1824.0 1332 446 1417 783 0
713.5 1315.5 713.5 1824.0 1295 783 1410 1319 0
713.5 1315.5 713.5 1824.0 1288 1332 1381 1849 1
713.5 1315.5 713.5 1824.0 1230 1883 1349 2171 0
713.5 1824.0 713.5 2105 1332 446 1417 783 0
713.5 1824.0 713.5 2105 1295 783 1410 1319 0
713.5 1824.0 713.5 2105 1288 1332 1381 1849 0
713.5 1824.0 713.5 2105 1230 1883 1349 2171 1

7555
860.0 480 860.0 501 1335 460 1451 1075 0
860.0 480 860.0 501 1338 1054 1438 1565 0
860.0 480 860.0 501 1310 1554 1433 2047 0
860.0 501 860.0 1093 1335 460 1451 1075 1
860.0 501 860.0 1093 1338 1054 1438 1565 0
860.0 501 860.0 1093 1310 1554 1433 2047 0
860.0 1093 860.0 1544.5 1335 460 1451 1075 0
860.0 1093 860.0 1544.5 1338 1054 1438 1565 1
860.0 1093 860.0 1544.5 1310 1554 1433 2047 0
860.0 1544.5 860.0 1988 1335 460 1451 1075 0
860.0 1544.5 860.0 1988 1338 1054 1438 1565 0
860.0 1544.5 860.0 1988 1310 1554 1433 2047 1

7556
834.0 537 834.0 627.5 1345 523 1455 1123 0
834.0 537 834.0 627.5 1345 1103 1450 1379 0
834.0 537 834.0 627.5 1313 1359 1447 1942 0
834.0 627.5 834.0 1115.5 1345 523 1455 1123 1
834.0 627.5 834.0 1115.5 1345 1103 1450 1379 0
834.0 627.5 834.0 1115.5 1313 1359 1447 1942 0
834.0 1115.5 834.0 1344.5 1345 523 1455 1123 0
834.0 1115.5 834.0 1344.5 1345 1103 1450 1379 1
834.0 1115.5 834.0 1344.5 1313 1359 1447 1942 0
834.0 1344.5 834.0 1854.0 1345 523 1455 1123 0
834.0 1344.5 834.0 1854.0 1345 1103 1450 1379 0
834.0 1344.5 834.0 1854.0 1313 1359 1447 1942 1
834.0 1854.0 834.0 1974 1345 523 1455 1123 0
834.0 1854.0 834.0 1974 1345 1103 1450 1379 0
834.0 1854.0 834.0 1974 1313 1359 1447 1942 0

7557
765.0 456 765.0 726 1069 421 1141 686 1
765.0 456 765.0 726 1216 401 1321 1028 0
765.0 456 765.0 726 1381 391 1511 1401 0
765.0 456 765.0 726 1574 381 1729 1833 0
765.0 726 765.0 1091 1069 421 1141 686 0
765.0 726 765.0 1091 1216 401 1321 1028 1
765.0 726 765.0 1091 1381 391 1511 1401 0
765.0 726 765.0 1091 1574 381 1729 1833 0
765.0 1091 765.0 1480.5 1069 421 1141 686 0
765.0 1091 765.0 1480.5 1216 401 1321 1028 0
765.0 1091 765.0 1480.5 1381 391 1511 1401 1
765.0 1091 765.0 1480.5 1574 381 1729 1833 0
765.0 1480.5 765.0 1846 1069 421 1141 686 0
765.0 1480.5 765.0 1846 1216 401 1321 1028 0
765.0 1480.5 765.0 1846 1381 391 1511 1401 0
765.0 1480.5 765.0 1846 1574 381 1729 1833 1

7558
748 776.5 1101.0 776.5 748 1219 1092 1303 1
748 776.5 1101.0 776.5 1101 1196 1665 1285 0
748 776.5 1101.0 776.5 1679 1165 2121 1250 0
748 776.5 1101.0 776.5 2137 1121 2819 1225 0
1101.0 776.5 1652.0 776.5 748 1219 1092 1303 0
1101.0 776.5 1652.0 776.5 1101 1196 1665 1285 1
1101.0 776.5 1652.0 776.5 1679 1165 2121 1250 0
1101.0 776.5 1652.0 776.5 2137 1121 2819 1225 0
1652.0 776.5 2096.5 776.5 748 1219 1092 1303 0
1652.0 776.5 2096.5 776.5 1101 1196 1665 1285 0
1652.0 776.5 2096.5 776.5 1679 1165 2121 1250 1
1652.0 776.5 2096.5 776.5 2137 1121 2819 1225 0
2096.5 776.5 2782.0 776.5 748 1219 1092 1303 0
2096.5 776.5 2782.0 776.5 1101 1196 1665 1285 0
2096.5 776.5 2782.0 776.5 1679 1165 2121 1250 0
2096.5 776.5 2782.0 776.5 2137 1121 2819 1225 1
2782.0 776.5 2825 776.5 748 1219 1092 1303 0
2782.0 776.5 2825 776.5 1101 1196 1665 1285 0
2782.0 776.5 2825 776.5 1679 1165 2121 1250 0
2782.0 776.5 2825 776.5 2137 1121 2819 1225 0

7559
777 645.5 1163.0 645.5 782 985 1259 1090 1
777 645.5 1163.0 645.5 1216 970 1831 1077 0
777 645.5 1163.0 645.5 1792 939 2359 1059 0
777 645.5 1163.0 645.5 2328 931 2831 1026 0
777 645.5 1163.0 645.5 2808 916 3154 1044 0
1163.0 645.5 1714.5 645.5 782 985 1259 1090 0
1163.0 645.5 1714.5 645.5 1216 970 1831 1077 1
1163.0 645.5 1714.5 645.5 1792 939 2359 1059 0
1163.0 645.5 1714.5 645.5 2328 931 2831 1026 0
1163.0 645.5 1714.5 645.5 2808 916 3154 1044 0
1714.5 645.5 2326 645.5 782 985 1259 1090 0
1714.5 645.5 2326 645.5 1216 970 1831 1077 0
1714.5 645.5 2326 645.5 1792 939 2359 1059 1
1714.5 645.5 2326 645.5 2328 931 2831 1026 0
1714.5 645.5 2326 645.5 2808 916 3154 1044 0
2326 645.5 2764 645.5 782 985 1259 1090 0
2326 645.5 2764 645.5 1216 970 1831 1077 0
2326 645.5 2764 645.5 1792 939 2359 1059 0
2326 645.5 2764 645.5 2328 931 2831 1026 1
2326 645.5 2764 645.5 2808 916 3154 1044 0
2764 645.5 3008 645.5 782 985 1259 1090 0
2764 645.5 3008 645.5 1216 970 1831 1077 0
2764 645.5 3008 645.5 1792 939 2359 1059 0
2764 645.5 3008 645.5 2328 931 2831 1026 0
2764 645.5 3008 645.5 2808 916 3154 1044 1

7560

7561
640 559.0 1276.0 559.0 660 910 1255 1015 1
640 559.0 1276.0 559.0 1224 890 1728 1008 0
640 559.0 1276.0 559.0 1705 904 2180 1010 0
640 559.0 1276.0 559.0 2155 885 2501 1008 0
1276.0 559.0 1669.0 559.0 660 910 1255 1015 0
1276.0 559.0 1669.0 559.0 1224 890 1728 1008 1
1276.0 559.0 1669.0 559.0 1705 904 2180 1010 0
1276.0 559.0 1669.0 559.0 2155 885 2501 1008 0
1669.0 559.0 2120.0 559.0 660 910 1255 1015 0
1669.0 559.0 2120.0 559.0 1224 890 1728 1008 0
1669.0 559.0 2120.0 559.0 1705 904 2180 1010 1
1669.0 559.0 2120.0 559.0 2155 885 2501 1008 0
2120.0 559.0 2451.0 559.0 660 910 1255 1015 0
2120.0 559.0 2451.0 559.0 1224 890 1728 1008 0
2120.0 559.0 2451.0 559.0 1705 904 2180 1010 0
2120.0 559.0 2451.0 559.0 2155 885 2501 1008 1
2451.0 559.0 2465 559.0 660 910 1255 1015 0
2451.0 559.0 2465 559.0 1224 890 1728 1008 0
2451.0 559.0 2465 559.0 1705 904 2180 1010 0
2451.0 559.0 2465 559.0 2155 885 2501 1008 0

7562
421 771.5 936 771.5 414 988 975 1129 1
421 771.5 936 771.5 945 975 1275 1077 0
421 771.5 936 771.5 1249 940 1847 1075 0
421 771.5 936 771.5 1830 927 2143 1020 0
421 771.5 936 771.5 2125 924 2479 1020 0
936 771.5 1236 771.5 414 988 975 1129 0
936 771.5 1236 771.5 945 975 1275 1077 1
936 771.5 1236 771.5 1249 940 1847 1075 0
936 771.5 1236 771.5 1830 927 2143 1020 0
936 771.5 1236 771.5 2125 924 2479 1020 0
1236 771.5 1799 771.5 414 988 975 1129 0
1236 771.5 1799 771.5 945 975 1275 1077 0
1236 771.5 1799 771.5 1249 940 1847 1075 1
1236 771.5 1799 771.5 1830 927 2143 1020 0
1236 771.5 1799 771.5 2125 924 2479 1020 0
1799 771.5 2204 771.5 414 988 975 1129 0
1799 771.5 2204 771.5 945 975 1275 1077 0
1799 771.5 2204 771.5 1249 940 1847 1075 0
1799 771.5 2204 771.5 1830 927 2143 1020 1
1799 771.5 2204 771.5 2125 924 2479 1020 0
2204 771.5 2471 771.5 414 988 975 1129 0
2204 771.5 2471 771.5 945 975 1275 1077 0
2204 771.5 2471 771.5 1249 940 1847 1075 0
2204 771.5 2471 771.5 1830 927 2143 1020 0
2204 771.5 2471 771.5 2125 924 2479 1020 1

7563
500 631.0 871.5 631.0 509 864 828 977 1
500 631.0 871.5 631.0 802 864 1385 979 0
500 631.0 871.5 631.0 1362 822 1881 968 0
500 631.0 871.5 631.0 1858 807 2264 953 0
871.5 631.0 1349.0 631.0 509 864 828 977 0
871.5 631.0 1349.0 631.0 802 864 1385 979 1
871.5 631.0 1349.0 631.0 1362 822 1881 968 0
871.5 631.0 1349.0 631.0 1858 807 2264 953 0
1349.0 631.0 1828.5 631.0 509 864 828 977 0
1349.0 631.0 1828.5 631.0 802 864 1385 979 0
1349.0 631.0 1828.5 631.0 1362 822 1881 968 1
1349.0 631.0 1828.5 631.0 1858 807 2264 953 0
1828.5 631.0 2270.5 631.0 509 864 828 977 0
1828.5 631.0 2270.5 631.0 802 864 1385 979 0
1828.5 631.0 2270.5 631.0 1362 822 1881 968 0
1828.5 631.0 2270.5 631.0 1858 807 2264 953 1
2270.5 631.0 2290 631.0 509 864 828 977 0
2270.5 631.0 2290 631.0 802 864 1385 979 0
2270.5 631.0 2290 631.0 1362 822 1881 968 0
2270.5 631.0 2290 631.0 1858 807 2264 953 0

7564
421 772.0 872 772.0 472 1010 843 1070 1
421 772.0 872 772.0 886 1017 1233 1077 0
421 772.0 872 772.0 1295 1005 1710 1063 0
421 772.0 872 772.0 1755 981 2299 1061 0
872 772.0 1261 772.0 472 1010 843 1070 0
872 772.0 1261 772.0 886 1017 1233 1077 1
872 772.0 1261 772.0 1295 1005 1710 1063 0
872 772.0 1261 772.0 1755 981 2299 1061 0
1261 772.0 1726.0 772.0 472 1010 843 1070 0
1261 772.0 1726.0 772.0 886 1017 1233 1077 0
1261 772.0 1726.0 772.0 1295 1005 1710 1063 1
1261 772.0 1726.0 772.0 1755 981 2299 1061 0
1726.0 772.0 2304 772.0 472 1010 843 1070 0
1726.0 772.0 2304 772.0 886 1017 1233 1077 0
1726.0 772.0 2304 772.0 1295 1005 1710 1063 0
1726.0 772.0 2304 772.0 1755 981 2299 1061 1

7565
1052 706.5 1492.0 706.5 1035 992 1526 1113 1
1052 706.5 1492.0 706.5 1491 958 2115 1109 0
1052 706.5 1492.0 706.5 2068 939 2605 1071 0
1052 706.5 1492.0 706.5 2563 937 3012 1085 0
1492.0 706.5 1519.0 706.5 1035 992 1526 1113 0
1492.0 706.5 1519.0 706.5 1491 958 2115 1109 0
1492.0 706.5 1519.0 706.5 2068 939 2605 1071 0
1492.0 706.5 1519.0 706.5 2563 937 3012 1085 0
1519.0 706.5 2111.0 706.5 1035 992 1526 1113 0
1519.0 706.5 2111.0 706.5 1491 958 2115 1109 1
1519.0 706.5 2111.0 706.5 2068 939 2605 1071 0
1519.0 706.5 2111.0 706.5 2563 937 3012 1085 0
2111.0 706.5 2114.5 706.5 1035 992 1526 1113 0
2111.0 706.5 2114.5 706.5 1491 958 2115 1109 0
2111.0 706.5 2114.5 706.5 2068 939 2605 1071 0
2111.0 706.5 2114.5 706.5 2563 937 3012 1085 0
2114.5 706.5 2584.5 706.5 1035 992 1526 1113 0
2114.5 706.5 2584.5 706.5 1491 958 2115 1109 0
2114.5 706.5 2584.5 706.5 2068 939 2605 1071 1
2114.5 706.5 2584.5 706.5 2563 937 3012 1085 0
2584.5 706.5 2996 706.5 1035 992 1526 1113 0
2584.5 706.5 2996 706.5 1491 958 2115 1109 0
2584.5 706.5 2996 706.5 2068 939 2605 1071 0
2584.5 706.5 2996 706.5 2563 937 3012 1085 1

7566
1017 723.0 1054.5 723.0 996 306 1615 447 0
1017 723.0 1054.5 723.0 1587 315 2131 471 0
1017 723.0 1054.5 723.0 2092 343 2555 478 0
1017 723.0 1054.5 723.0 2517 345 3041 489 0
1054.5 723.0 1608.0 723.0 996 306 1615 447 1
1054.5 723.0 1608.0 723.0 1587 315 2131 471 0
1054.5 723.0 1608.0 723.0 2092 343 2555 478 0
1054.5 723.0 1608.0 723.0 2517 345 3041 489 0
1608.0 723.0 2099 723.0 996 306 1615 447 0
1608.0 723.0 2099 723.0 1587 315 2131 471 1
1608.0 723.0 2099 723.0 2092 343 2555 478 0
1608.0 723.0 2099 723.0 2517 345 3041 489 0
2099 723.0 2531 723.0 996 306 1615 447 0
2099 723.0 2531 723.0 1587 315 2131 471 0
2099 723.0 2531 723.0 2092 343 2555 478 1
2099 723.0 2531 723.0 2517 345 3041 489 0
2531 723.0 3048 723.0 996 306 1615 447 0
2531 723.0 3048 723.0 1587 315 2131 471 0
2531 723.0 3048 723.0 2092 343 2555 478 0
2531 723.0 3048 723.0 2517 345 3041 489 1

7567
530 800.0 693.0 800.0 518 422 1270 526 0
530 800.0 693.0 800.0 1230 399 1912 553 0
530 800.0 693.0 800.0 1872 405 2578 580 0
693.0 800.0 1266.0 800.0 518 422 1270 526 1
693.0 800.0 1266.0 800.0 1230 399 1912 553 0
693.0 800.0 1266.0 800.0 1872 405 2578 580 0
1266.0 800.0 1877.0 800.0 518 422 1270 526 0
1266.0 800.0 1877.0 800.0 1230 399 1912 553 1
1266.0 800.0 1877.0 800.0 1872 405 2578 580 0
1877.0 800.0 2438.5 800.0 518 422 1270 526 0
1877.0 800.0 2438.5 800.0 1230 399 1912 553 0
1877.0 800.0 2438.5 800.0 1872 405 2578 580 1
2438.5 800.0 2612 800.0 518 422 1270 526 0
2438.5 800.0 2612 800.0 1230 399 1912 553 0
2438.5 800.0 2612 800.0 1872 405 2578 580 0

7568
799.5 699 799.5 1064.0 1129 687 1223 1070 1
799.5 699 799.5 1064.0 1250 701 1346 1645 0
799.5 1064.0 799.5 1578.5 1129 687 1223 1070 0
799.5 1064.0 799.5 1578.5 1250 701 1346 1645 1
799.5 1578.5 799.5 1722 1129 687 1223 1070 0
799.5 1578.5 799.5 1722 1250 701 1346 1645 0

7569
810.5 429 810.5 670.5 1057 427 1179 690 1
810.5 429 810.5 670.5 1072 661 1181 1256 0
810.5 429 810.5 670.5 1059 1219 1220 1634 0
810.5 670.5 810.5 1255.0 1057 427 1179 690 0
810.5 670.5 810.5 1255.0 1072 661 1181 1256 1
810.5 670.5 810.5 1255.0 1059 1219 1220 1634 0
810.5 1255.0 810.5 1617 1057 427 1179 690 0
810.5 1255.0 810.5 1617 1072 661 1181 1256 0
810.5 1255.0 810.5 1617 1059 1219 1220 1634 1

7570
785.5 775 785.5 1818.5 1014 746 1130 1794 1
785.5 775 785.5 1818.5 1041 1809 1128 2038 0
785.5 1818.5 785.5 2038 1014 746 1130 1794 0
785.5 1818.5 785.5 2038 1041 1809 1128 2038 1

7571
738.5 760 738.5 998.5 1085 725 1171 922 1
738.5 760 738.5 998.5 1214 718 1307 1227 0
738.5 760 738.5 998.5 1318 725 1447 1501 0
738.5 760 738.5 998.5 1461 725 1621 1829 0
738.5 998.5 738.5 1289.0 1085 725 1171 922 0
738.5 998.5 738.5 1289.0 1214 718 1307 1227 1
738.5 998.5 738.5 1289.0 1318 725 1447 1501 0
738.5 998.5 738.5 1289.0 1461 725 1621 1829 0
738.5 1289.0 738.5 1578.5 1085 725 1171 922 0
738.5 1289.0 738.5 1578.5 1214 718 1307 1227 0
738.5 1289.0 738.5 1578.5 1318 725 1447 1501 1
738.5 1289.0 738.5 1578.5 1461 725 1621 1829 0
738.5 1578.5 738.5 1832 1085 725 1171 922 0
738.5 1578.5 738.5 1832 1214 718 1307 1227 0
738.5 1578.5 738.5 1832 1318 725 1447 1501 0
738.5 1578.5 738.5 1832 1461 725 1621 1829 1

7572
384 625.5 774.0 625.5 352 932 786 1068 1
384 625.5 774.0 625.5 735 866 1407 1047 0
384 625.5 774.0 625.5 1361 859 2105 974 0
384 625.5 774.0 625.5 2077 815 2577 953 0
774.0 625.5 1343.0 625.5 352 932 786 1068 0
774.0 625.5 1343.0 625.5 735 866 1407 1047 1
774.0 625.5 1343.0 625.5 1361 859 2105 974 0
774.0 625.5 1343.0 625.5 2077 815 2577 953 0
1343.0 625.5 2080.5 625.5 352 932 786 1068 0
1343.0 625.5 2080.5 625.5 735 866 1407 1047 0
1343.0 625.5 2080.5 625.5 1361 859 2105 974 1
1343.0 625.5 2080.5 625.5 2077 815 2577 953 0
2080.5 625.5 2457.5 625.5 352 932 786 1068 0
2080.5 625.5 2457.5 625.5 735 866 1407 1047 0
2080.5 625.5 2457.5 625.5 1361 859 2105 974 0
2080.5 625.5 2457.5 625.5 2077 815 2577 953 1
2457.5 625.5 2490 625.5 352 932 786 1068 0
2457.5 625.5 2490 625.5 735 866 1407 1047 0
2457.5 625.5 2490 625.5 1361 859 2105 974 0
2457.5 625.5 2490 625.5 2077 815 2577 953 0

7573
233 759.0 311.0 759.0 245 1097 719 1215 0
233 759.0 311.0 759.0 725 1119 1191 1203 0
233 759.0 311.0 759.0 1213 1123 1609 1193 0
233 759.0 311.0 759.0 1651 1115 2245 1203 0
233 759.0 311.0 759.0 2265 1117 2803 1215 0
311.0 759.0 687 759.0 245 1097 719 1215 1
311.0 759.0 687 759.0 725 1119 1191 1203 0
311.0 759.0 687 759.0 1213 1123 1609 1193 0
311.0 759.0 687 759.0 1651 1115 2245 1203 0
311.0 759.0 687 759.0 2265 1117 2803 1215 0
687 759.0 1231 759.0 245 1097 719 1215 0
687 759.0 1231 759.0 725 1119 1191 1203 1
687 759.0 1231 759.0 1213 1123 1609 1193 0
687 759.0 1231 759.0 1651 1115 2245 1203 0
687 759.0 1231 759.0 2265 1117 2803 1215 0
1231 759.0 1741.0 759.0 245 1097 719 1215 0
1231 759.0 1741.0 759.0 725 1119 1191 1203 0
1231 759.0 1741.0 759.0 1213 1123 1609 1193 1
1231 759.0 1741.0 759.0 1651 1115 2245 1203 0
1231 759.0 1741.0 759.0 2265 1117 2803 1215 0
1741.0 759.0 2262.0 759.0 245 1097 719 1215 0
1741.0 759.0 2262.0 759.0 725 1119 1191 1203 0
1741.0 759.0 2262.0 759.0 1213 1123 1609 1193 0
1741.0 759.0 2262.0 759.0 1651 1115 2245 1203 1
1741.0 759.0 2262.0 759.0 2265 1117 2803 1215 0
2262.0 759.0 2770.0 759.0 245 1097 719 1215 0
2262.0 759.0 2770.0 759.0 725 1119 1191 1203 0
2262.0 759.0 2770.0 759.0 1213 1123 1609 1193 0
2262.0 759.0 2770.0 759.0 1651 1115 2245 1203 0
2262.0 759.0 2770.0 759.0 2265 1117 2803 1215 1
2770.0 759.0 2811 759.0 245 1097 719 1215 0
2770.0 759.0 2811 759.0 725 1119 1191 1203 0
2770.0 759.0 2811 759.0 1213 1123 1609 1193 0
2770.0 759.0 2811 759.0 1651 1115 2245 1203 0
2770.0 759.0 2811 759.0 2265 1117 2803 1215 0

7575
290 652.0 439.0 652.0 314 938 1252 1024 0
290 652.0 439.0 652.0 1282 956 2107 1104 0
439.0 652.0 1314.0 652.0 314 938 1252 1024 1
439.0 652.0 1314.0 652.0 1282 956 2107 1104 0
1314.0 652.0 1997.0 652.0 314 938 1252 1024 0
1314.0 652.0 1997.0 652.0 1282 956 2107 1104 1
1997.0 652.0 2126 652.0 314 938 1252 1024 0
1997.0 652.0 2126 652.0 1282 956 2107 1104 0

7576
605 664.0 1466 664.0 624 917 1487 1019 1
605 664.0 1466 664.0 1495 956 1840 1050 0
605 664.0 1466 664.0 1866 978 2291 1079 0
1466 664.0 1817 664.0 624 917 1487 1019 0
1466 664.0 1817 664.0 1495 956 1840 1050 1
1466 664.0 1817 664.0 1866 978 2291 1079 0
1817 664.0 2228 664.0 624 917 1487 1019 0
1817 664.0 2228 664.0 1495 956 1840 1050 0
1817 664.0 2228 664.0 1866 978 2291 1079 1

7577
467 617.0 1106.5 617.0 490 952 1090 1054 1
467 617.0 1106.5 617.0 1058 938 1503 1033 0
467 617.0 1106.5 617.0 1478 927 1903 1056 0
467 617.0 1106.5 617.0 1869 924 2349 1040 0
467 617.0 1106.5 617.0 2317 936 3185 1061 0
1106.5 617.0 1510 617.0 490 952 1090 1054 0
1106.5 617.0 1510 617.0 1058 938 1503 1033 1
1106.5 617.0 1510 617.0 1478 927 1903 1056 0
1106.5 617.0 1510 617.0 1869 924 2349 1040 0
1106.5 617.0 1510 617.0 2317 936 3185 1061 0
1510 617.0 1908 617.0 490 952 1090 1054 0
1510 617.0 1908 617.0 1058 938 1503 1033 0
1510 617.0 1908 617.0 1478 927 1903 1056 1
1510 617.0 1908 617.0 1869 924 2349 1040 0
1510 617.0 1908 617.0 2317 936 3185 1061 0
1908 617.0 2310.0 617.0 490 952 1090 1054 0
1908 617.0 2310.0 617.0 1058 938 1503 1033 0
1908 617.0 2310.0 617.0 1478 927 1903 1056 0
1908 617.0 2310.0 617.0 1869 924 2349 1040 1
1908 617.0 2310.0 617.0 2317 936 3185 1061 0
2310.0 617.0 3108.0 617.0 490 952 1090 1054 0
2310.0 617.0 3108.0 617.0 1058 938 1503 1033 0
2310.0 617.0 3108.0 617.0 1478 927 1903 1056 0
2310.0 617.0 3108.0 617.0 1869 924 2349 1040 0
2310.0 617.0 3108.0 617.0 2317 936 3185 1061 1
3108.0 617.0 3146 617.0 490 952 1090 1054 0
3108.0 617.0 3146 617.0 1058 938 1503 1033 0
3108.0 617.0 3146 617.0 1478 927 1903 1056 0
3108.0 617.0 3146 617.0 1869 924 2349 1040 0
3108.0 617.0 3146 617.0 2317 936 3185 1061 0

7578
792 1016.0 1094.0 1016.0 759 482 979 547 1
792 1016.0 1094.0 1016.0 1004 445 1902 520 0
792 1016.0 1094.0 1016.0 1907 405 2274 480 0
792 1016.0 1094.0 1016.0 2282 400 2892 500 0
1094.0 1016.0 1980.5 1016.0 759 482 979 547 0
1094.0 1016.0 1980.5 1016.0 1004 445 1902 520 1
1094.0 1016.0 1980.5 1016.0 1907 405 2274 480 0
1094.0 1016.0 1980.5 1016.0 2282 400 2892 500 0
1980.5 1016.0 2290.5 1016.0 759 482 979 547 0
1980.5 1016.0 2290.5 1016.0 1004 445 1902 520 0
1980.5 1016.0 2290.5 1016.0 1907 405 2274 480 1
1980.5 1016.0 2290.5 1016.0 2282 400 2892 500 0
2290.5 1016.0 2877 1016.0 759 482 979 547 0
2290.5 1016.0 2877 1016.0 1004 445 1902 520 0
2290.5 1016.0 2877 1016.0 1907 405 2274 480 0
2290.5 1016.0 2877 1016.0 2282 400 2892 500 1

7579
505 796.0 844 796.0 489 1284 838 1374 1
505 796.0 844 796.0 809 1270 1148 1380 0
505 796.0 844 796.0 1115 1280 1775 1374 0
505 796.0 844 796.0 1758 1274 2230 1380 0
844 796.0 1164 796.0 489 1284 838 1374 0
844 796.0 1164 796.0 809 1270 1148 1380 1
844 796.0 1164 796.0 1115 1280 1775 1374 0
844 796.0 1164 796.0 1758 1274 2230 1380 0
1164 796.0 1808.0 796.0 489 1284 838 1374 0
1164 796.0 1808.0 796.0 809 1270 1148 1380 0
1164 796.0 1808.0 796.0 1115 1280 1775 1374 1
1164 796.0 1808.0 796.0 1758 1274 2230 1380 0
1808.0 796.0 2215 796.0 489 1284 838 1374 0
1808.0 796.0 2215 796.0 809 1270 1148 1380 0
1808.0 796.0 2215 796.0 1115 1280 1775 1374 0
1808.0 796.0 2215 796.0 1758 1274 2230 1380 1

7580
779.5 584 779.5 921.5 1404 576 1498 954 1
779.5 584 779.5 921.5 1413 923 1515 1463 0
779.5 584 779.5 921.5 1410 1437 1510 1780 0
779.5 921.5 779.5 1424.5 1404 576 1498 954 0
779.5 921.5 779.5 1424.5 1413 923 1515 1463 1
779.5 921.5 779.5 1424.5 1410 1437 1510 1780 0
779.5 1424.5 779.5 1693 1404 576 1498 954 0
779.5 1424.5 779.5 1693 1413 923 1515 1463 0
779.5 1424.5 779.5 1693 1410 1437 1510 1780 1

7581
925.5 661 925.5 891.0 1250 640 1385 931 1
925.5 661 925.5 891.0 1276 903 1411 1452 0
925.5 661 925.5 891.0 1304 1426 1432 1875 0
925.5 891.0 925.5 1439.0 1250 640 1385 931 0
925.5 891.0 925.5 1439.0 1276 903 1411 1452 1
925.5 891.0 925.5 1439.0 1304 1426 1432 1875 0
925.5 1439.0 925.5 1854 1250 640 1385 931 0
925.5 1439.0 925.5 1854 1276 903 1411 1452 0
925.5 1439.0 925.5 1854 1304 1426 1432 1875 1

7582
929.5 361 929.5 705.5 1366 275 1513 726 1
929.5 361 929.5 705.5 1421 701 1637 1340 0
929.5 361 929.5 705.5 1539 1310 1662 1730 0
929.5 705.5 929.5 1327.0 1366 275 1513 726 0
929.5 705.5 929.5 1327.0 1421 701 1637 1340 1
929.5 705.5 929.5 1327.0 1539 1310 1662 1730 0
929.5 1327.0 929.5 1725.0 1366 275 1513 726 0
929.5 1327.0 929.5 1725.0 1421 701 1637 1340 0
929.5 1327.0 929.5 1725.0 1539 1310 1662 1730 1
929.5 1725.0 929.5 1732 1366 275 1513 726 0
929.5 1725.0 929.5 1732 1421 701 1637 1340 0
929.5 1725.0 929.5 1732 1539 1310 1662 1730 0

7583
939 818.0 1029.5 818.0 957 1292 1646 1444 0
939 818.0 1029.5 818.0 1603 1249 2123 1408 0
939 818.0 1029.5 818.0 2072 1216 2762 1387 0
939 818.0 1029.5 818.0 2721 1157 3387 1354 0
1029.5 818.0 1605 818.0 957 1292 1646 1444 1
1029.5 818.0 1605 818.0 1603 1249 2123 1408 0
1029.5 818.0 1605 818.0 2072 1216 2762 1387 0
1029.5 818.0 1605 818.0 2721 1157 3387 1354 0
1605 818.0 2098 818.0 957 1292 1646 1444 0
1605 818.0 2098 818.0 1603 1249 2123 1408 1
1605 818.0 2098 818.0 2072 1216 2762 1387 0
1605 818.0 2098 818.0 2721 1157 3387 1354 0
2098 818.0 2702.5 818.0 957 1292 1646 1444 0
2098 818.0 2702.5 818.0 1603 1249 2123 1408 0
2098 818.0 2702.5 818.0 2072 1216 2762 1387 1
2098 818.0 2702.5 818.0 2721 1157 3387 1354 0
2702.5 818.0 3380 818.0 957 1292 1646 1444 0
2702.5 818.0 3380 818.0 1603 1249 2123 1408 0
2702.5 818.0 3380 818.0 2072 1216 2762 1387 0
2702.5 818.0 3380 818.0 2721 1157 3387 1354 1

7584
431 791.0 1060.5 791.0 388 1181 1004 1276 1
431 791.0 1060.5 791.0 1064 1155 1852 1246 0
431 791.0 1060.5 791.0 1878 1129 2578 1231 0
1060.5 791.0 1878.0 791.0 388 1181 1004 1276 0
1060.5 791.0 1878.0 791.0 1064 1155 1852 1246 1
1060.5 791.0 1878.0 791.0 1878 1129 2578 1231 0
1878.0 791.0 2621 791.0 388 1181 1004 1276 0
1878.0 791.0 2621 791.0 1064 1155 1852 1246 0
1878.0 791.0 2621 791.0 1878 1129 2578 1231 1

7585
336 685.5 1023.0 685.5 366 1136 1001 1243 1
336 685.5 1023.0 685.5 1031 1091 1608 1189 0
336 685.5 1023.0 685.5 2073 1073 2508 1161 0
336 685.5 1023.0 685.5 2517 1059 3204 1143 0
1023.0 685.5 1562 685.5 366 1136 1001 1243 0
1023.0 685.5 1562 685.5 1031 1091 1608 1189 1
1023.0 685.5 1562 685.5 2073 1073 2508 1161 0
1023.0 685.5 1562 685.5 2517 1059 3204 1143 0
2104 649.5 2514.0 649.5 366 1136 1001 1243 0
2104 649.5 2514.0 649.5 1031 1091 1608 1189 0
2104 649.5 2514.0 649.5 2073 1073 2508 1161 1
2104 649.5 2514.0 649.5 2517 1059 3204 1143 0
2514.0 649.5 3152.5 649.5 366 1136 1001 1243 0
2514.0 649.5 3152.5 649.5 1031 1091 1608 1189 0
2514.0 649.5 3152.5 649.5 2073 1073 2508 1161 0
2514.0 649.5 3152.5 649.5 2517 1059 3204 1143 1
3152.5 649.5 3155 649.5 366 1136 1001 1243 0
3152.5 649.5 3155 649.5 1031 1091 1608 1189 0
3152.5 649.5 3155 649.5 2073 1073 2508 1161 0
3152.5 649.5 3155 649.5 2517 1059 3204 1143 0

7586
802 629.5 870.0 629.5 800 937 1327 1078 0
802 629.5 870.0 629.5 1298 918 1852 1051 0
802 629.5 870.0 629.5 1806 872 2373 1022 0
870.0 629.5 1309 629.5 800 937 1327 1078 1
870.0 629.5 1309 629.5 1298 918 1852 1051 0
870.0 629.5 1309 629.5 1806 872 2373 1022 0
1309 629.5 1832 629.5 800 937 1327 1078 0
1309 629.5 1832 629.5 1298 918 1852 1051 1
1309 629.5 1832 629.5 1806 872 2373 1022 0
1832 629.5 2343.0 629.5 800 937 1327 1078 0
1832 629.5 2343.0 629.5 1298 918 1852 1051 0
1832 629.5 2343.0 629.5 1806 872 2373 1022 1
2343.0 629.5 2373 629.5 800 937 1327 1078 0
2343.0 629.5 2373 629.5 1298 918 1852 1051 0
2343.0 629.5 2373 629.5 1806 872 2373 1022 0

7587
423 505.5 1028.5 505.5 445 1425 975 1516 1
423 505.5 1028.5 505.5 1014 1428 1882 1512 0
1028.5 505.5 1668.0 505.5 445 1425 975 1516 0
1028.5 505.5 1668.0 505.5 1014 1428 1882 1512 1
1668.0 505.5 1709 505.5 445 1425 975 1516 0
1668.0 505.5 1709 505.5 1014 1428 1882 1512 0
422 1071.5 1048.5 1071.5 445 1425 975 1516 1
422 1071.5 1048.5 1071.5 1014 1428 1882 1512 0
1048.5 1071.5 1780.5 1071.5 445 1425 975 1516 0
1048.5 1071.5 1780.5 1071.5 1014 1428 1882 1512 1
1780.5 1071.5 1850 1071.5 445 1425 975 1516 0
1780.5 1071.5 1850 1071.5 1014 1428 1882 1512 0

7588
990.0 278 990.0 522.0 2226 239 2346 594 1
990.0 278 990.0 522.0 2234 564 2365 921 0
990.0 278 990.0 522.0 2248 894 2389 1515 0
990.0 522.0 990.0 920.0 2226 239 2346 594 0
990.0 522.0 990.0 920.0 2234 564 2365 921 1
990.0 522.0 990.0 920.0 2248 894 2389 1515 0
990.0 920.0 990.0 1502 2226 239 2346 594 0
990.0 920.0 990.0 1502 2234 564 2365 921 0
990.0 920.0 990.0 1502 2248 894 2389 1515 1
1510.5 257 1510.5 533.0 2226 239 2346 594 1
1510.5 257 1510.5 533.0 2234 564 2365 921 0
1510.5 257 1510.5 533.0 2248 894 2389 1515 0
1510.5 533.0 1510.5 931 2226 239 2346 594 0
1510.5 533.0 1510.5 931 2234 564 2365 921 1
1510.5 533.0 1510.5 931 2248 894 2389 1515 0

7589
938.0 286 938.0 341.5 534 303 651 697 0
938.0 286 938.0 341.5 532 709 667 1384 0
938.0 341.5 938.0 697.5 534 303 651 697 1
938.0 341.5 938.0 697.5 532 709 667 1384 0
938.0 697.5 938.0 1370 534 303 651 697 0
938.0 697.5 938.0 1370 532 709 667 1384 1

7590
923 1109.0 1341.0 1109.0 860 501 2434 603 1
923 1109.0 1341.0 1109.0 1321 698 2420 803 0
923 1109.0 1341.0 1109.0 2036 814 2410 898 0
1341.0 1109.0 1997.5 1109.0 860 501 2434 603 0
1341.0 1109.0 1997.5 1109.0 1321 698 2420 803 1
1341.0 1109.0 1997.5 1109.0 2036 814 2410 898 0
1997.5 1109.0 2459 1109.0 860 501 2434 603 0
1997.5 1109.0 2459 1109.0 1321 698 2420 803 0
1997.5 1109.0 2459 1109.0 2036 814 2410 898 1

7591
411 527.0 880.5 527.0 431 874 878 974 1
411 527.0 880.5 527.0 431 987 1344 1091 0
411 527.0 880.5 527.0 455 1120 1778 1223 0
411 527.0 880.5 527.0 451 1220 2913 1325 0
880.5 527.0 1299.5 527.0 431 874 878 974 0
880.5 527.0 1299.5 527.0 431 987 1344 1091 1
880.5 527.0 1299.5 527.0 455 1120 1778 1223 0
880.5 527.0 1299.5 527.0 451 1220 2913 1325 0
1299.5 527.0 1707.5 527.0 431 874 878 974 0
1299.5 527.0 1707.5 527.0 431 987 1344 1091 0
1299.5 527.0 1707.5 527.0 455 1120 1778 1223 1
1299.5 527.0 1707.5 527.0 451 1220 2913 1325 0
1707.5 527.0 2805.5 527.0 431 874 878 974 0
1707.5 527.0 2805.5 527.0 431 987 1344 1091 0
1707.5 527.0 2805.5 527.0 455 1120 1778 1223 0
1707.5 527.0 2805.5 527.0 451 1220 2913 1325 1
2805.5 527.0 2858 527.0 431 874 878 974 0
2805.5 527.0 2858 527.0 431 987 1344 1091 0
2805.5 527.0 2858 527.0 455 1120 1778 1223 0
2805.5 527.0 2858 527.0 451 1220 2913 1325 0

7592
318 556.5 1302 556.5 264 830 1283 925 1
318 556.5 1302 556.5 256 963 1822 1061 0
318 556.5 1302 556.5 254 1115 2254 1221 0
318 556.5 1302 556.5 245 1296 2697 1401 0
1302 556.5 1833 556.5 264 830 1283 925 0
1302 556.5 1833 556.5 256 963 1822 1061 
1302 556.5 1833 556.5 254 1115 2254 1221 0
1302 556.5 1833 556.5 245 1296 2697 1401 0
1833 556.5 2260.0 556.5 264 830 1283 925 0
1833 556.5 2260.0 556.5 256 963 1822 1061 0
1833 556.5 2260.0 556.5 254 1115 2254 1221 1
1833 556.5 2260.0 556.5 245 1296 2697 1401 0
2260.0 556.5 2743 556.5 264 830 1283 925 0
2260.0 556.5 2743 556.5 256 963 1822 1061 0
2260.0 556.5 2743 556.5 254 1115 2254 1221 0
2260.0 556.5 2743 556.5 245 1296 2697 1401 1

7593
957 684.0 996.0 684.0 959 967 1686 1072 0
957 684.0 996.0 684.0 957 1050 2012 1165 0
996.0 684.0 1639.0 684.0 959 967 1686 1072 1
996.0 684.0 1639.0 684.0 957 1050 2012 1165 0
1639.0 684.0 1999.5 684.0 959 967 1686 1072 0
1639.0 684.0 1999.5 684.0 957 1050 2012 1165 1
1999.5 684.0 2065 684.0 959 967 1686 1072 0
1999.5 684.0 2065 684.0 957 1050 2012 1165 0

7594
590 1203.0 592.0 1203.0 526 822 1002 928 0
590 1203.0 592.0 1203.0 520 692 1678 796 0
590 1203.0 592.0 1203.0 502 544 2222 646 0
592.0 1203.0 1012.0 1203.0 526 822 1002 928 1
592.0 1203.0 1012.0 1203.0 520 692 1678 796 0
592.0 1203.0 1012.0 1203.0 502 544 2222 646 0
1012.0 1203.0 1751.0 1203.0 526 822 1002 928 0
1012.0 1203.0 1751.0 1203.0 520 692 1678 796 1
1012.0 1203.0 1751.0 1203.0 502 544 2222 646 0
1751.0 1203.0 2311.0 1203.0 526 822 1002 928 0
1751.0 1203.0 2311.0 1203.0 520 692 1678 796 0
1751.0 1203.0 2311.0 1203.0 502 544 2222 646 1
2311.0 1203.0 2352 1203.0 526 822 1002 928 0
2311.0 1203.0 2352 1203.0 520 692 1678 796 0
2311.0 1203.0 2352 1203.0 502 544 2222 646 0

7595
272 656.5 643.0 656.5 285 950 638 1015 1
272 656.5 643.0 656.5 299 1028 1087 1097 0
272 656.5 643.0 656.5 307 1170 1574 1252 0
272 656.5 643.0 656.5 335 1297 2062 1385 0
272 656.5 643.0 656.5 356 1426 2452 1550 0
272 656.5 643.0 656.5 344 1554 2813 1681 0
643.0 656.5 1103.0 656.5 285 950 638 1015 0
643.0 656.5 1103.0 656.5 299 1028 1087 1097 1
643.0 656.5 1103.0 656.5 307 1170 1574 1252 0
643.0 656.5 1103.0 656.5 335 1297 2062 1385 0
643.0 656.5 1103.0 656.5 356 1426 2452 1550 0
643.0 656.5 1103.0 656.5 344 1554 2813 1681 0
1103.0 656.5 1562.0 656.5 285 950 638 1015 0
1103.0 656.5 1562.0 656.5 299 1028 1087 1097 0
1103.0 656.5 1562.0 656.5 307 1170 1574 1252 1
1103.0 656.5 1562.0 656.5 335 1297 2062 1385 0
1103.0 656.5 1562.0 656.5 356 1426 2452 1550 0
1103.0 656.5 1562.0 656.5 344 1554 2813 1681 0
1562.0 656.5 2046.5 656.5 285 950 638 1015 0
1562.0 656.5 2046.5 656.5 299 1028 1087 1097 0
1562.0 656.5 2046.5 656.5 307 1170 1574 1252 0
1562.0 656.5 2046.5 656.5 335 1297 2062 1385 1
1562.0 656.5 2046.5 656.5 356 1426 2452 1550 0
1562.0 656.5 2046.5 656.5 344 1554 2813 1681 0
2046.5 656.5 2329 656.5 285 950 638 1015 0
2046.5 656.5 2329 656.5 299 1028 1087 1097 0
2046.5 656.5 2329 656.5 307 1170 1574 1252 0
2046.5 656.5 2329 656.5 335 1297 2062 1385 0
2046.5 656.5 2329 656.5 356 1426 2452 1550 1
2046.5 656.5 2329 656.5 344 1554 2813 1681 0
2329 656.5 2684 656.5 285 950 638 1015 0
2329 656.5 2684 656.5 299 1028 1087 1097 0
2329 656.5 2684 656.5 307 1170 1574 1252 0
2329 656.5 2684 656.5 335 1297 2062 1385 0
2329 656.5 2684 656.5 356 1426 2452 1550 0
2329 656.5 2684 656.5 344 1554 2813 1681 1
2684 656.5 2711 656.5 285 950 638 1015 0
2684 656.5 2711 656.5 299 1028 1087 1097 0
2684 656.5 2711 656.5 307 1170 1574 1252 0
2684 656.5 2711 656.5 335 1297 2062 1385 0
2684 656.5 2711 656.5 356 1426 2452 1550 0
2684 656.5 2711 656.5 344 1554 2813 1681 0

7596
151 650.5 670.0 650.5 202 1265 766 1383 1
151 650.5 670.0 650.5 733 1257 1270 1373 0
151 650.5 670.0 650.5 1235 1255 1774 1363 0
151 650.5 670.0 650.5 1743 1250 2237 1359 0
151 650.5 670.0 650.5 2210 1248 2682 1373 0
670.0 650.5 1146.0 650.5 202 1265 766 1383 0
670.0 650.5 1146.0 650.5 733 1257 1270 1373 1
670.0 650.5 1146.0 650.5 1235 1255 1774 1363 0
670.0 650.5 1146.0 650.5 1743 1250 2237 1359 0
670.0 650.5 1146.0 650.5 2210 1248 2682 1373 0
1146.0 650.5 1736.0 650.5 202 1265 766 1383 0
1146.0 650.5 1736.0 650.5 733 1257 1270 1373 0
1146.0 650.5 1736.0 650.5 1235 1255 1774 1363 1
1146.0 650.5 1736.0 650.5 1743 1250 2237 1359 0
1146.0 650.5 1736.0 650.5 2210 1248 2682 1373 0
1736.0 650.5 2236.0 650.5 202 1265 766 1383 0
1736.0 650.5 2236.0 650.5 733 1257 1270 1373 0
1736.0 650.5 2236.0 650.5 1235 1255 1774 1363 0
1736.0 650.5 2236.0 650.5 1743 1250 2237 1359 1
1736.0 650.5 2236.0 650.5 2210 1248 2682 1373 0
2236.0 650.5 2588 650.5 202 1265 766 1383 0
2236.0 650.5 2588 650.5 733 1257 1270 1373 0
2236.0 650.5 2588 650.5 1235 1255 1774 1363 0
2236.0 650.5 2588 650.5 1743 1250 2237 1359 0
2236.0 650.5 2588 650.5 2210 1248 2682 1373 1

7597
455 839.0 982.5 839.0 494 1233 926 1335 1
455 839.0 982.5 839.0 944 1190 1810 1301 0
455 839.0 982.5 839.0 1830 1178 2617 1281 0
982.5 839.0 1865.5 839.0 494 1233 926 1335 0
982.5 839.0 1865.5 839.0 944 1190 1810 1301 1
982.5 839.0 1865.5 839.0 1830 1178 2617 1281 0
1865.5 839.0 2567 839.0 494 1233 926 1335 0
1865.5 839.0 2567 839.0 944 1190 1810 1301 0
1865.5 839.0 2567 839.0 1830 1178 2617 1281 1

7600
286 481.5 691.5 481.5 292 770 713 853 1
286 481.5 691.5 481.5 690 760 1217 859 0
286 481.5 691.5 481.5 1182 757 1511 860 0
286 481.5 691.5 481.5 1476 762 2024 851 0
286 481.5 691.5 481.5 1999 764 2586 845 0
691.5 481.5 1161 481.5 292 770 713 853 0
691.5 481.5 1161 481.5 690 760 1217 859 1
691.5 481.5 1161 481.5 1182 757 1511 860 0
691.5 481.5 1161 481.5 1476 762 2024 851 0
691.5 481.5 1161 481.5 1999 764 2586 845 0
1161 481.5 1490 481.5 292 770 713 853 0
1161 481.5 1490 481.5 690 760 1217 859 0
1161 481.5 1490 481.5 1182 757 1511 860 1
1161 481.5 1490 481.5 1476 762 2024 851 0
1161 481.5 1490 481.5 1999 764 2586 845 0
1490 481.5 1958.0 481.5 292 770 713 853 0
1490 481.5 1958.0 481.5 690 760 1217 859 0
1490 481.5 1958.0 481.5 1182 757 1511 860 0
1490 481.5 1958.0 481.5 1476 762 2024 851 1
1490 481.5 1958.0 481.5 1999 764 2586 845 0
1958.0 481.5 1959.0 481.5 292 770 713 853 0
1958.0 481.5 1959.0 481.5 690 760 1217 859 0
1958.0 481.5 1959.0 481.5 1182 757 1511 860 0
1958.0 481.5 1959.0 481.5 1476 762 2024 851 0
1958.0 481.5 1959.0 481.5 1999 764 2586 845 0
1959.0 481.5 2551 481.5 292 770 713 853 0
1959.0 481.5 2551 481.5 690 760 1217 859 0
1959.0 481.5 2551 481.5 1182 757 1511 860 0
1959.0 481.5 2551 481.5 1476 762 2024 851 0
1959.0 481.5 2551 481.5 1999 764 2586 845 1

7601
631 723.5 640 723.5 664 1061 1334 1177 0
631 723.5 640 723.5 1303 1059 2121 1161 0
631 723.5 640 723.5 2097 1053 2836 1164 0
640 723.5 1294.5 723.5 664 1061 1334 1177 1
640 723.5 1294.5 723.5 1303 1059 2121 1161 0
640 723.5 1294.5 723.5 2097 1053 2836 1164 0
1294.5 723.5 1310 723.5 664 1061 1334 1177 0
1294.5 723.5 1310 723.5 1303 1059 2121 1161 0
1294.5 723.5 1310 723.5 2097 1053 2836 1164 0
1310 723.5 2071.0 723.5 664 1061 1334 1177 0
1310 723.5 2071.0 723.5 1303 1059 2121 1161 1
1310 723.5 2071.0 723.5 2097 1053 2836 1164 0
2071.0 723.5 2776.0 723.5 664 1061 1334 1177 0
2071.0 723.5 2776.0 723.5 1303 1059 2121 1161 0
2071.0 723.5 2776.0 723.5 2097 1053 2836 1164 1
2776.0 723.5 2784 723.5 664 1061 1334 1177 0
2776.0 723.5 2784 723.5 1303 1059 2121 1161 0
2776.0 723.5 2784 723.5 2097 1053 2836 1164 0

7602
332 768.5 430.0 768.5 392 1125 1330 1242 0
332 768.5 430.0 768.5 1304 1113 2166 1251 0
332 768.5 430.0 768.5 2147 1144 3332 1308 0
430.0 768.5 1281.5 768.5 392 1125 1330 1242 1
430.0 768.5 1281.5 768.5 1304 1113 2166 1251 0
430.0 768.5 1281.5 768.5 2147 1144 3332 1308 0
1281.5 768.5 2150.5 768.5 392 1125 1330 1242 0
1281.5 768.5 2150.5 768.5 1304 1113 2166 1251 1
1281.5 768.5 2150.5 768.5 2147 1144 3332 1308 0
2150.5 768.5 3313.0 768.5 392 1125 1330 1242 0
2150.5 768.5 3313.0 768.5 1304 1113 2166 1251 0
2150.5 768.5 3313.0 768.5 2147 1144 3332 1308 1
3313.0 768.5 3394 768.5 392 1125 1330 1242 0
3313.0 768.5 3394 768.5 1304 1113 2166 1251 0
3313.0 768.5 3394 768.5 2147 1144 3332 1308 0

7603
332 682.0 836.5 682.0 359 987 859 1072 1
332 682.0 836.5 682.0 866 974 1410 1054 0
332 682.0 836.5 682.0 1412 961 1879 1043 0
332 682.0 836.5 682.0 1910 943 2457 1036 0
332 682.0 836.5 682.0 2457 934 3148 1025 0
836.5 682.0 1419.0 682.0 359 987 859 1072 0
836.5 682.0 1419.0 682.0 866 974 1410 1054 1
836.5 682.0 1419.0 682.0 1412 961 1879 1043 0
836.5 682.0 1419.0 682.0 1910 943 2457 1036 0
836.5 682.0 1419.0 682.0 2457 934 3148 1025 0
1419.0 682.0 1877.0 682.0 359 987 859 1072 0
1419.0 682.0 1877.0 682.0 866 974 1410 1054 0
1419.0 682.0 1877.0 682.0 1412 961 1879 1043 1
1419.0 682.0 1877.0 682.0 1910 943 2457 1036 0
1419.0 682.0 1877.0 682.0 2457 934 3148 1025 0
1877.0 682.0 2421.5 682.0 359 987 859 1072 0
1877.0 682.0 2421.5 682.0 866 974 1410 1054 0
1877.0 682.0 2421.5 682.0 1412 961 1879 1043 0
1877.0 682.0 2421.5 682.0 1910 943 2457 1036 1
1877.0 682.0 2421.5 682.0 2457 934 3148 1025 0
2421.5 682.0 3141 682.0 359 987 859 1072 0
2421.5 682.0 3141 682.0 866 974 1410 1054 0
2421.5 682.0 3141 682.0 1412 961 1879 1043 0
2421.5 682.0 3141 682.0 1910 943 2457 1036 0
2421.5 682.0 3141 682.0 2457 934 3148 1025 1

7604
372 612.0 1022.0 612.0 333 1168 1053 1250 1
372 612.0 1022.0 612.0 1080 1168 1696 1244 0
372 612.0 1022.0 612.0 1725 1154 2684 1231 0
1022.0 612.0 1619.0 612.0 333 1168 1053 1250 0
1022.0 612.0 1619.0 612.0 1080 1168 1696 1244 1
1022.0 612.0 1619.0 612.0 1725 1154 2684 1231 0
1619.0 612.0 2576 612.0 333 1168 1053 1250 0
1619.0 612.0 2576 612.0 1080 1168 1696 1244 0
1619.0 612.0 2576 612.0 1725 1154 2684 1231 1

7605

7606
513 1081.0 927.0 1081.0 418 297 877 397 1
513 1081.0 927.0 1081.0 846 285 1364 400 0
513 1081.0 927.0 1081.0 1333 285 2298 400 0
513 1081.0 927.0 1081.0 2272 277 2936 400 0
513 1081.0 927.0 1081.0 2903 295 3510 431 0
927.0 1081.0 1386.0 1081.0 418 297 877 397 0
927.0 1081.0 1386.0 1081.0 846 285 1364 400 1
927.0 1081.0 1386.0 1081.0 1333 285 2298 400 0
927.0 1081.0 1386.0 1081.0 2272 277 2936 400 0
927.0 1081.0 1386.0 1081.0 2903 295 3510 431 0
1386.0 1081.0 2283.5 1081.0 418 297 877 397 0
1386.0 1081.0 2283.5 1081.0 846 285 1364 400 0
1386.0 1081.0 2283.5 1081.0 1333 285 2298 400 1
1386.0 1081.0 2283.5 1081.0 2272 277 2936 400 0
1386.0 1081.0 2283.5 1081.0 2903 295 3510 431 0
2283.5 1081.0 2974 1081.0 418 297 877 397 0
2283.5 1081.0 2974 1081.0 846 285 1364 400 0
2283.5 1081.0 2974 1081.0 1333 285 2298 400 0
2283.5 1081.0 2974 1081.0 2272 277 2936 400 1
2283.5 1081.0 2974 1081.0 2903 295 3510 431 0
2974 1081.0 3027.0 1081.0 418 297 877 397 0
2974 1081.0 3027.0 1081.0 846 285 1364 400 0
2974 1081.0 3027.0 1081.0 1333 285 2298 400 0
2974 1081.0 3027.0 1081.0 2272 277 2936 400 0
2974 1081.0 3027.0 1081.0 2903 295 3510 431 0
3027.0 1081.0 3557 1081.0 418 297 877 397 0
3027.0 1081.0 3557 1081.0 846 285 1364 400 0
3027.0 1081.0 3557 1081.0 1333 285 2298 400 0
3027.0 1081.0 3557 1081.0 2272 277 2936 400 0
3027.0 1081.0 3557 1081.0 2903 295 3510 431 1
3557 1081.0 3572 1081.0 418 297 877 397 0
3557 1081.0 3572 1081.0 846 285 1364 400 0
3557 1081.0 3572 1081.0 1333 285 2298 400 0
3557 1081.0 3572 1081.0 2272 277 2936 400 0
3557 1081.0 3572 1081.0 2903 295 3510 431 0

7607
404 866.0 641.0 866.0 450 285 1148 361 0
404 866.0 641.0 866.0 1156 275 2312 369 0
641.0 866.0 1200.0 866.0 450 285 1148 361 1
641.0 866.0 1200.0 866.0 1156 275 2312 369 0
1200.0 866.0 2300.0 866.0 450 285 1148 361 0
1200.0 866.0 2300.0 866.0 1156 275 2312 369 1
2300.0 866.0 2310.0 866.0 450 285 1148 361 0
2300.0 866.0 2310.0 866.0 1156 275 2312 369 0
2310.0 866.0 2542 866.0 450 285 1148 361 0
2310.0 866.0 2542 866.0 1156 275 2312 369 0

7608
699.0 450 699.0 674 1362 450 1430 680 1
699.0 450 699.0 674 1352 688 1434 1108 0
699.0 450 699.0 674 1342 1106 1426 1606 0
699.0 674 699.0 1142 1362 450 1430 680 0
699.0 674 699.0 1142 1352 688 1434 1108 1
699.0 674 699.0 1142 1342 1106 1426 1606 0
699.0 1142 699.0 1460.0 1362 450 1430 680 0
699.0 1142 699.0 1460.0 1352 688 1434 1108 0
699.0 1142 699.0 1460.0 1342 1106 1426 1606 1
699.0 1460.0 699.0 1586 1362 450 1430 680 0
699.0 1460.0 699.0 1586 1352 688 1434 1108 0
699.0 1460.0 699.0 1586 1342 1106 1426 1606 0

7609
813.5 646 813.5 651.0 1219 627 1356 1029 0
813.5 646 813.5 651.0 1205 1000 1354 1605 0
813.5 646 813.5 651.0 1190 1585 1351 1983 0
813.5 651.0 813.5 1008.0 1219 627 1356 1029 1
813.5 651.0 813.5 1008.0 1205 1000 1354 1605 0
813.5 651.0 813.5 1008.0 1190 1585 1351 1983 0
813.5 1008.0 813.5 1604.5 1219 627 1356 1029 0
813.5 1008.0 813.5 1604.5 1205 1000 1354 1605 1
813.5 1008.0 813.5 1604.5 1190 1585 1351 1983 0
813.5 1604.5 813.5 1985 1219 627 1356 1029 0
813.5 1604.5 813.5 1985 1205 1000 1354 1605 0
813.5 1604.5 813.5 1985 1190 1585 1351 1983 1

7610
1227.0 513 1227.0 532 721 503 858 1024 0
1227.0 513 1227.0 532 672 1050 804 1583 0
1227.0 532 1227.0 1056 721 503 858 1024 1
1227.0 532 1227.0 1056 672 1050 804 1583 0
1227.0 1056 1227.0 1577 721 503 858 1024 0
1227.0 1056 1227.0 1577 672 1050 804 1583 1

7611
1062.5 421 1062.5 425 499 430 670 968 0
1062.5 421 1062.5 425 533 934 711 1743 0
1062.5 425 1062.5 962 499 430 670 968 1
1062.5 425 1062.5 962 533 934 711 1743 0
1062.5 962 1062.5 1641.0 499 430 670 968 0
1062.5 962 1062.5 1641.0 533 934 711 1743 1
1062.5 1641.0 1062.5 1664.0 499 430 670 968 0
1062.5 1641.0 1062.5 1664.0 533 934 711 1743 0
1062.5 1664.0 1062.5 1712 499 430 670 968 0
1062.5 1664.0 1062.5 1712 533 934 711 1743 0

7612
321 569.5 403.0 569.5 274 1059 981 1155 0
321 569.5 403.0 569.5 929 1059 1602 1163 0
321 569.5 403.0 569.5 1555 1059 2219 1172 0
321 569.5 403.0 569.5 2181 1082 2919 1174 0
403.0 569.5 963.5 569.5 274 1059 981 1155 1
403.0 569.5 963.5 569.5 929 1059 1602 1163 0
403.0 569.5 963.5 569.5 1555 1059 2219 1172 0
403.0 569.5 963.5 569.5 2181 1082 2919 1174 0
963.5 569.5 1585.5 569.5 274 1059 981 1155 0
963.5 569.5 1585.5 569.5 929 1059 1602 1163 1
963.5 569.5 1585.5 569.5 1555 1059 2219 1172 0
963.5 569.5 1585.5 569.5 2181 1082 2919 1174 0
1585.5 569.5 2227.0 569.5 274 1059 981 1155 0
1585.5 569.5 2227.0 569.5 929 1059 1602 1163 0
1585.5 569.5 2227.0 569.5 1555 1059 2219 1172 1
1585.5 569.5 2227.0 569.5 2181 1082 2919 1174 0
2227.0 569.5 2880.5 569.5 274 1059 981 1155 0
2227.0 569.5 2880.5 569.5 929 1059 1602 1163 0
2227.0 569.5 2880.5 569.5 1555 1059 2219 1172 0
2227.0 569.5 2880.5 569.5 2181 1082 2919 1174 1
2880.5 569.5 2923 569.5 274 1059 981 1155 0
2880.5 569.5 2923 569.5 929 1059 1602 1163 0
2880.5 569.5 2923 569.5 1555 1059 2219 1172 0
2880.5 569.5 2923 569.5 2181 1082 2919 1174 0

7613
751 771.5 772.0 771.5 677 1220 1446 1320 0
751 771.5 772.0 771.5 1400 1226 2331 1326 0
751 771.5 772.0 771.5 2285 1226 3080 1331 0
772.0 771.5 1406.5 771.5 677 1220 1446 1320 1
772.0 771.5 1406.5 771.5 1400 1226 2331 1326 0
772.0 771.5 1406.5 771.5 2285 1226 3080 1331 0
1406.5 771.5 2249.0 771.5 677 1220 1446 1320 0
1406.5 771.5 2249.0 771.5 1400 1226 2331 1326 1
1406.5 771.5 2249.0 771.5 2285 1226 3080 1331 0
2249.0 771.5 3027.0 771.5 677 1220 1446 1320 0
2249.0 771.5 3027.0 771.5 1400 1226 2331 1326 0
2249.0 771.5 3027.0 771.5 2285 1226 3080 1331 1
3027.0 771.5 3085 771.5 677 1220 1446 1320 0
3027.0 771.5 3085 771.5 1400 1226 2331 1326 0
3027.0 771.5 3085 771.5 2285 1226 3080 1331 0

7614
221 697.0 502.5 697.0 205 151 446 219 1
221 697.0 502.5 697.0 448 156 1316 233 0
221 697.0 502.5 697.0 1321 177 1982 308 0
502.5 697.0 1337.5 697.0 205 151 446 219 0
502.5 697.0 1337.5 697.0 448 156 1316 233 1
502.5 697.0 1337.5 697.0 1321 177 1982 308 0
1337.5 697.0 1343.5 697.0 205 151 446 219 0
1337.5 697.0 1343.5 697.0 448 156 1316 233 0
1337.5 697.0 1343.5 697.0 1321 177 1982 308 0
1343.5 697.0 1982 697.0 205 151 446 219 0
1343.5 697.0 1982 697.0 448 156 1316 233 0
1343.5 697.0 1982 697.0 1321 177 1982 308 1

7615
381 604.5 414 604.5 399 1107 1201 1222 0
381 604.5 414 604.5 1172 1103 1770 1217 0
381 604.5 414 604.5 1733 1115 2299 1224 0
381 604.5 414 604.5 2267 1117 3133 1217 0
381 604.5 414 604.5 3104 1112 3560 1222 0
414 604.5 1175.5 604.5 399 1107 1201 1222 1
414 604.5 1175.5 604.5 1172 1103 1770 1217 0
414 604.5 1175.5 604.5 1733 1115 2299 1224 0
414 604.5 1175.5 604.5 2267 1117 3133 1217 0
414 604.5 1175.5 604.5 3104 1112 3560 1222 0
1175.5 604.5 1221 604.5 399 1107 1201 1222 0
1175.5 604.5 1221 604.5 1172 1103 1770 1217 0
1175.5 604.5 1221 604.5 1733 1115 2299 1224 0
1175.5 604.5 1221 604.5 2267 1117 3133 1217 0
1175.5 604.5 1221 604.5 3104 1112 3560 1222 0
1221 604.5 1750.5 604.5 399 1107 1201 1222 0
1221 604.5 1750.5 604.5 1172 1103 1770 1217 1
1221 604.5 1750.5 604.5 1733 1115 2299 1224 0
1221 604.5 1750.5 604.5 2267 1117 3133 1217 0
1221 604.5 1750.5 604.5 3104 1112 3560 1222 0
1750.5 604.5 2272.0 604.5 399 1107 1201 1222 0
1750.5 604.5 2272.0 604.5 1172 1103 1770 1217 0
1750.5 604.5 2272.0 604.5 1733 1115 2299 1224 1
1750.5 604.5 2272.0 604.5 2267 1117 3133 1217 0
1750.5 604.5 2272.0 604.5 3104 1112 3560 1222 0
2272.0 604.5 3109.0 604.5 399 1107 1201 1222 0
2272.0 604.5 3109.0 604.5 1172 1103 1770 1217 0
2272.0 604.5 3109.0 604.5 1733 1115 2299 1224 0
2272.0 604.5 3109.0 604.5 2267 1117 3133 1217 1
2272.0 604.5 3109.0 604.5 3104 1112 3560 1222 0
3109.0 604.5 3510.0 604.5 399 1107 1201 1222 0
3109.0 604.5 3510.0 604.5 1172 1103 1770 1217 0
3109.0 604.5 3510.0 604.5 1733 1115 2299 1224 0
3109.0 604.5 3510.0 604.5 2267 1117 3133 1217 0
3109.0 604.5 3510.0 604.5 3104 1112 3560 1222 1
3510.0 604.5 3515 604.5 399 1107 1201 1222 0
3510.0 604.5 3515 604.5 1172 1103 1770 1217 0
3510.0 604.5 3515 604.5 1733 1115 2299 1224 0
3510.0 604.5 3515 604.5 2267 1117 3133 1217 0
3510.0 604.5 3515 604.5 3104 1112 3560 1222 0

7616
664 508.5 706.5 508.5 660 768 957 825 0
664 508.5 706.5 508.5 682 943 1323 1011 0
664 508.5 706.5 508.5 699 1018 1762 1102 0
664 508.5 706.5 508.5 696 1137 2287 1221 0
706.5 508.5 990 508.5 660 768 957 825 1
706.5 508.5 990 508.5 682 943 1323 1011 0
706.5 508.5 990 508.5 699 1018 1762 1102 0
706.5 508.5 990 508.5 696 1137 2287 1221 0
990 508.5 1346 508.5 660 768 957 825 0
990 508.5 1346 508.5 682 943 1323 1011 1
990 508.5 1346 508.5 699 1018 1762 1102 0
990 508.5 1346 508.5 696 1137 2287 1221 0
1346 508.5 1737.5 508.5 660 768 957 825 0
1346 508.5 1737.5 508.5 682 943 1323 1011 0
1346 508.5 1737.5 508.5 699 1018 1762 1102 1
1346 508.5 1737.5 508.5 696 1137 2287 1221 0
1737.5 508.5 2176 508.5 660 768 957 825 0
1737.5 508.5 2176 508.5 682 943 1323 1011 0
1737.5 508.5 2176 508.5 699 1018 1762 1102 0
1737.5 508.5 2176 508.5 696 1137 2287 1221 1

7617
302 436.0 901.0 436.0 327 689 960 781 1
302 436.0 901.0 436.0 335 818 1658 896 0
302 436.0 901.0 436.0 331 946 2171 1031 0
901.0 436.0 1631.0 436.0 327 689 960 781 0
901.0 436.0 1631.0 436.0 335 818 1658 896 1
901.0 436.0 1631.0 436.0 331 946 2171 1031 0
1631.0 436.0 2156 436.0 327 689 960 781 0
1631.0 436.0 2156 436.0 335 818 1658 896 0
1631.0 436.0 2156 436.0 331 946 2171 1031 1

7618
631.0 335 631.0 605.5 1157 315 1237 526 1
631.0 335 631.0 605.5 1246 308 1330 951 0
631.0 335 631.0 605.5 1372 300 1470 1381 0
631.0 605.5 631.0 966.0 1157 315 1237 526 0
631.0 605.5 631.0 966.0 1246 308 1330 951 1
631.0 605.5 631.0 966.0 1372 300 1470 1381 0
631.0 966.0 631.0 1307 1157 315 1237 526 0
631.0 966.0 631.0 1307 1246 308 1330 951 0
631.0 966.0 631.0 1307 1372 300 1470 1381 1

7619
908.5 211 908.5 212 596 247 693 599 0
908.5 211 908.5 212 481 245 600 1070 0
908.5 211 908.5 212 343 255 478 1423 0
908.5 212 908.5 639 596 247 693 599 1
908.5 212 908.5 639 481 245 600 1070 0
908.5 212 908.5 639 343 255 478 1423 0
908.5 639 908.5 1084.5 596 247 693 599 0
908.5 639 908.5 1084.5 481 245 600 1070 1
908.5 639 908.5 1084.5 343 255 478 1423 0
908.5 1084.5 908.5 1336 596 247 693 599 0
908.5 1084.5 908.5 1336 481 245 600 1070 0
908.5 1084.5 908.5 1336 343 255 478 1423 1

7620
387 401.5 1037.0 401.5 345 650 1074 715 1
387 401.5 1037.0 401.5 357 796 1727 880 0
1037.0 401.5 1703.5 401.5 345 650 1074 715 0
1037.0 401.5 1703.5 401.5 357 796 1727 880 1
1703.5 401.5 1715 401.5 345 650 1074 715 0
1703.5 401.5 1715 401.5 357 796 1727 880 0

7621
886 552.5 1271 552.5 2182 728 2552 810 0
886 552.5 1271 552.5 1571 880 2625 965 0
886 552.5 1271 552.5 1284 997 2647 1076 0
886 552.5 1271 552.5 932 1132 2612 1189 1
1271 552.5 1582 552.5 2182 728 2552 810 0
1271 552.5 1582 552.5 1571 880 2625 965 0
1271 552.5 1582 552.5 1284 997 2647 1076 1
1271 552.5 1582 552.5 932 1132 2612 1189 0
1582 552.5 2104.0 552.5 2182 728 2552 810 0
1582 552.5 2104.0 552.5 1571 880 2625 965 1
1582 552.5 2104.0 552.5 1284 997 2647 1076 0
1582 552.5 2104.0 552.5 932 1132 2612 1189 0
2104.0 552.5 2530.5 552.5 2182 728 2552 810 1
2104.0 552.5 2530.5 552.5 1571 880 2625 965 0
2104.0 552.5 2530.5 552.5 1284 997 2647 1076 0
2104.0 552.5 2530.5 552.5 932 1132 2612 1189 0
2530.5 552.5 2532 552.5 2182 728 2552 810 0
2530.5 552.5 2532 552.5 1571 880 2625 965 0
2530.5 552.5 2532 552.5 1284 997 2647 1076 0
2530.5 552.5 2532 552.5 932 1132 2612 1189 0

7622
690 479.0 1291.5 479.0 737 790 1316 877 1
690 479.0 1291.5 479.0 720 909 1670 992 0
690 479.0 1291.5 479.0 729 1031 2198 1135 0
690 479.0 1291.5 479.0 724 1179 2924 1270 0
1291.5 479.0 1692.0 479.0 737 790 1316 877 0
1291.5 479.0 1692.0 479.0 720 909 1670 992 1
1291.5 479.0 1692.0 479.0 729 1031 2198 1135 0
1291.5 479.0 1692.0 479.0 724 1179 2924 1270 0
1692.0 479.0 2168.0 479.0 737 790 1316 877 0
1692.0 479.0 2168.0 479.0 720 909 1670 992 0
1692.0 479.0 2168.0 479.0 729 1031 2198 1135 1
1692.0 479.0 2168.0 479.0 724 1179 2924 1270 0
2168.0 479.0 2765.5 479.0 737 790 1316 877 0
2168.0 479.0 2765.5 479.0 720 909 1670 992 0
2168.0 479.0 2765.5 479.0 729 1031 2198 1135 0
2168.0 479.0 2765.5 479.0 724 1179 2924 1270 1
2765.5 479.0 2769.0 479.0 737 790 1316 877 0
2765.5 479.0 2769.0 479.0 720 909 1670 992 0
2765.5 479.0 2769.0 479.0 729 1031 2198 1135 0
2765.5 479.0 2769.0 479.0 724 1179 2924 1270 0
2769.0 479.0 2883 479.0 737 790 1316 877 0
2769.0 479.0 2883 479.0 720 909 1670 992 0
2769.0 479.0 2883 479.0 729 1031 2198 1135 0
2769.0 479.0 2883 479.0 724 1179 2924 1270 0

7623
366 514.5 878.0 514.5 369 808 925 947 1
366 514.5 878.0 514.5 899 801 1532 940 0
366 514.5 878.0 514.5 1501 808 2229 931 0
366 514.5 878.0 514.5 2211 794 3264 919 0
878.0 514.5 1464 514.5 369 808 925 947 0
878.0 514.5 1464 514.5 899 801 1532 940 1
878.0 514.5 1464 514.5 1501 808 2229 931 0
878.0 514.5 1464 514.5 2211 794 3264 919 0
1464 514.5 1512.5 514.5 369 808 925 947 0
1464 514.5 1512.5 514.5 899 801 1532 940 0
1464 514.5 1512.5 514.5 1501 808 2229 931 0
1464 514.5 1512.5 514.5 2211 794 3264 919 0
1512.5 514.5 2132 514.5 369 808 925 947 0
1512.5 514.5 2132 514.5 899 801 1532 940 0
1512.5 514.5 2132 514.5 1501 808 2229 931 1
1512.5 514.5 2132 514.5 2211 794 3264 919 0
2132 514.5 3194.0 514.5 369 808 925 947 0
2132 514.5 3194.0 514.5 899 801 1532 940 0
2132 514.5 3194.0 514.5 1501 808 2229 931 0
2132 514.5 3194.0 514.5 2211 794 3264 919 1
3194.0 514.5 3222.0 514.5 369 808 925 947 0
3194.0 514.5 3222.0 514.5 899 801 1532 940 0
3194.0 514.5 3222.0 514.5 1501 808 2229 931 0
3194.0 514.5 3222.0 514.5 2211 794 3264 919 0
3222.0 514.5 3227 514.5 369 808 925 947 0
3222.0 514.5 3227 514.5 899 801 1532 940 0
3222.0 514.5 3227 514.5 1501 808 2229 931 0
3222.0 514.5 3227 514.5 2211 794 3264 919 0

7624
811 556.5 826.0 556.5 806 1082 1513 1201 0
811 556.5 826.0 556.5 1518 1073 2055 1187 0
811 556.5 826.0 556.5 2067 1043 2643 1154 0
811 556.5 826.0 556.5 2639 1036 3346 1129 0
826.0 556.5 1413 556.5 806 1082 1513 1201 1
826.0 556.5 1413 556.5 1518 1073 2055 1187 0
826.0 556.5 1413 556.5 2067 1043 2643 1154 0
826.0 556.5 1413 556.5 2639 1036 3346 1129 0
1413 556.5 2088 556.5 806 1082 1513 1201 0
1413 556.5 2088 556.5 1518 1073 2055 1187 1
1413 556.5 2088 556.5 2067 1043 2643 1154 0
1413 556.5 2088 556.5 2639 1036 3346 1129 0
2088 556.5 2592.5 556.5 806 1082 1513 1201 0
2088 556.5 2592.5 556.5 1518 1073 2055 1187 0
2088 556.5 2592.5 556.5 2067 1043 2643 1154 1
2088 556.5 2592.5 556.5 2639 1036 3346 1129 0
2592.5 556.5 3275.0 556.5 806 1082 1513 1201 0
2592.5 556.5 3275.0 556.5 1518 1073 2055 1187 0
2592.5 556.5 3275.0 556.5 2067 1043 2643 1154 0
2592.5 556.5 3275.0 556.5 2639 1036 3346 1129 1
3275.0 556.5 3285 556.5 806 1082 1513 1201 0
3275.0 556.5 3285 556.5 1518 1073 2055 1187 0
3275.0 556.5 3285 556.5 2067 1043 2643 1154 0
3275.0 556.5 3285 556.5 2639 1036 3346 1129 0

7625
1277.5 227 1277.5 266.0 790 262 906 927 0
1277.5 227 1277.5 266.0 667 245 832 1397 0
1277.5 227 1277.5 266.0 410 255 549 1842 0
1277.5 266.0 1277.5 919.5 790 262 906 927 1
1277.5 266.0 1277.5 919.5 667 245 832 1397 0
1277.5 266.0 1277.5 919.5 410 255 549 1842 0
1277.5 919.5 1277.5 1427 790 262 906 927 0
1277.5 919.5 1277.5 1427 667 245 832 1397 1
1277.5 919.5 1277.5 1427 410 255 549 1842 0
1277.5 1427 1277.5 1816 790 262 906 927 0
1277.5 1427 1277.5 1816 667 245 832 1397 0
1277.5 1427 1277.5 1816 410 255 549 1842 1
1277.5 1816 1277.5 1838 790 262 906 927 0
1277.5 1816 1277.5 1838 667 245 832 1397 0
1277.5 1816 1277.5 1838 410 255 549 1842 0

7626
870.0 385 870.0 810.5 2206 396 2317 740 1
870.0 385 870.0 810.5 2317 385 2421 1079 0
870.0 385 870.0 810.5 2460 372 2556 1712 0
870.0 810.5 870.0 1186.5 2206 396 2317 740 0
870.0 810.5 870.0 1186.5 2317 385 2421 1079 1
870.0 810.5 870.0 1186.5 2460 372 2556 1712 0
870.0 1186.5 870.0 1763.5 2206 396 2317 740 0
870.0 1186.5 870.0 1763.5 2317 385 2421 1079 0
870.0 1186.5 870.0 1763.5 2460 372 2556 1712 1
870.0 1763.5 870.0 1803 2206 396 2317 740 0
870.0 1763.5 870.0 1803 2317 385 2421 1079 0
870.0 1763.5 870.0 1803 2460 372 2556 1712 0
1490.0 385 1490.0 742 2206 396 2317 740 1
1490.0 385 1490.0 742 2317 385 2421 1079 0
1490.0 385 1490.0 742 2460 372 2556 1712 0
1490.0 742 1490.0 1183 2206 396 2317 740 0
1490.0 742 1490.0 1183 2317 385 2421 1079 1
1490.0 742 1490.0 1183 2460 372 2556 1712 0
1490.0 1183 1490.0 1203 2206 396 2317 740 0
1490.0 1183 1490.0 1203 2317 385 2421 1079 0
1490.0 1183 1490.0 1203 2460 372 2556 1712 0

7627
406 333.5 1259.0 333.5 408 1271 1308 1350 1
406 333.5 1259.0 333.5 382 1457 2210 1550 0
1259.0 333.5 2133 333.5 408 1271 1308 1350 0
1259.0 333.5 2133 333.5 382 1457 2210 1550 1
406 866.0 1258.0 866.0 408 1271 1308 1350 1
406 866.0 1258.0 866.0 382 1457 2210 1550 0
1258.0 866.0 2145.0 866.0 408 1271 1308 1350 0
1258.0 866.0 2145.0 866.0 382 1457 2210 1550 1
2145.0 866.0 2154 866.0 408 1271 1308 1350 0
2145.0 866.0 2154 866.0 382 1457 2210 1550 0

7934
270.0 677.5 658.5 677.5 277.0 1039.0 674.0 1161.0 1
270.0 677.5 658.5 677.5 644.0 1053.0 1103.0 1172.0 0
270.0 677.5 658.5 677.5 1070.0 1042.0 1474.0 1176.0 0
658.5 677.5 1066.0 677.5 277.0 1039.0 674.0 1161.0 0
658.5 677.5 1066.0 677.5 644.0 1053.0 1103.0 1172.0 1
658.5 677.5 1066.0 677.5 1070.0 1042.0 1474.0 1176.0 0
1066.0 677.5 1440.0 677.5 277.0 1039.0 674.0 1161.0 0
1066.0 677.5 1440.0 677.5 644.0 1053.0 1103.0 1172.0 0
1066.0 677.5 1440.0 677.5 1070.0 1042.0 1474.0 1176.0 1
1440.0 677.5 1455.0 677.5 277.0 1039.0 674.0 1161.0 0
1440.0 677.5 1455.0 677.5 644.0 1053.0 1103.0 1172.0 0
1440.0 677.5 1455.0 677.5 1070.0 1042.0 1474.0 1176.0 0

7935
601.0 503.5 917.0 503.5 617.0 771.0 917.0 844.0 1
601.0 503.5 917.0 503.5 917.0 771.0 1397.0 859.0 0
601.0 503.5 917.0 503.5 1401.0 775.0 1751.0 871.0 0
917.0 503.5 918.5 503.5 617.0 771.0 917.0 844.0 0
917.0 503.5 918.5 503.5 917.0 771.0 1397.0 859.0 0
917.0 503.5 918.5 503.5 1401.0 775.0 1751.0 871.0 0
918.5 503.5 1422.5 503.5 617.0 771.0 917.0 844.0 0
918.5 503.5 1422.5 503.5 917.0 771.0 1397.0 859.0 1
918.5 503.5 1422.5 503.5 1401.0 775.0 1751.0 871.0 0
1422.5 503.5 1790.0 503.5 617.0 771.0 917.0 844.0 0
1422.5 503.5 1790.0 503.5 917.0 771.0 1397.0 859.0 0
1422.5 503.5 1790.0 503.5 1401.0 775.0 1751.0 871.0 1

7936
496.0 502.5 515.0 502.5 501.0 762.0 958.0 866.0 0
496.0 502.5 515.0 502.5 934.0 747.0 1577.0 871.0 0
496.0 502.5 515.0 502.5 1534.0 766.0 2086.0 866.0 0
515.0 502.5 536.5 502.5 501.0 762.0 958.0 866.0 0
515.0 502.5 536.5 502.5 934.0 747.0 1577.0 871.0 0
515.0 502.5 536.5 502.5 1534.0 766.0 2086.0 866.0 0
536.5 502.5 958.0 502.5 501.0 762.0 958.0 866.0 1
536.5 502.5 958.0 502.5 934.0 747.0 1577.0 871.0 0
536.5 502.5 958.0 502.5 1534.0 766.0 2086.0 866.0 0
958.0 502.5 1496.0 502.5 501.0 762.0 958.0 866.0 0
958.0 502.5 1496.0 502.5 934.0 747.0 1577.0 871.0 1
958.0 502.5 1496.0 502.5 1534.0 766.0 2086.0 866.0 0
1496.0 502.5 1524.5 502.5 501.0 762.0 958.0 866.0 0
1496.0 502.5 1524.5 502.5 934.0 747.0 1577.0 871.0 0
1496.0 502.5 1524.5 502.5 1534.0 766.0 2086.0 866.0 0
1524.5 502.5 2019.5 502.5 501.0 762.0 958.0 866.0 0
1524.5 502.5 2019.5 502.5 934.0 747.0 1577.0 871.0 0
1524.5 502.5 2019.5 502.5 1534.0 766.0 2086.0 866.0 1
2019.5 502.5 2039.0 502.5 501.0 762.0 958.0 866.0 0
2019.5 502.5 2039.0 502.5 934.0 747.0 1577.0 871.0 0
2019.5 502.5 2039.0 502.5 1534.0 766.0 2086.0 866.0 0

7937
833.0 233.0 833.0 266.0 1981.0 224.0 2073.0 612.0 0
833.0 233.0 833.0 266.0 1964.0 587.0 2064.0 924.0 0
833.0 233.0 833.0 266.0 1944.0 908.0 2044.0 1329.0 0
833.0 233.0 833.0 266.0 1948.0 1316.0 2044.0 1716.0 0
833.0 266.0 833.0 637.0 1981.0 224.0 2073.0 612.0 1
833.0 266.0 833.0 637.0 1964.0 587.0 2064.0 924.0 0
833.0 266.0 833.0 637.0 1944.0 908.0 2044.0 1329.0 0
833.0 266.0 833.0 637.0 1948.0 1316.0 2044.0 1716.0 0
833.0 637.0 833.0 639.0 1981.0 224.0 2073.0 612.0 0
833.0 637.0 833.0 639.0 1964.0 587.0 2064.0 924.0 0
833.0 637.0 833.0 639.0 1944.0 908.0 2044.0 1329.0 0
833.0 637.0 833.0 639.0 1948.0 1316.0 2044.0 1716.0 0
833.0 639.0 833.0 964.0 1981.0 224.0 2073.0 612.0 0
833.0 639.0 833.0 964.0 1964.0 587.0 2064.0 924.0 1
833.0 639.0 833.0 964.0 1944.0 908.0 2044.0 1329.0 0
833.0 639.0 833.0 964.0 1948.0 1316.0 2044.0 1716.0 0
833.0 964.0 833.0 1322.5 1981.0 224.0 2073.0 612.0 0
833.0 964.0 833.0 1322.5 1964.0 587.0 2064.0 924.0 0
833.0 964.0 833.0 1322.5 1944.0 908.0 2044.0 1329.0 1
833.0 964.0 833.0 1322.5 1948.0 1316.0 2044.0 1716.0 0
833.0 1322.5 833.0 1637.0 1981.0 224.0 2073.0 612.0 0
833.0 1322.5 833.0 1637.0 1964.0 587.0 2064.0 924.0 0
833.0 1322.5 833.0 1637.0 1944.0 908.0 2044.0 1329.0 0
833.0 1322.5 833.0 1637.0 1948.0 1316.0 2044.0 1716.0 1

7938
784.0 515.0 784.0 552.0 1289.0 502.0 1379.0 1038.0 0
784.0 515.0 784.0 552.0 1295.0 1018.0 1376.0 1460.0 0
784.0 515.0 784.0 552.0 1231.0 1434.0 1369.0 1712.0 0
784.0 552.0 784.0 1032.5 1289.0 502.0 1379.0 1038.0 1
784.0 552.0 784.0 1032.5 1295.0 1018.0 1376.0 1460.0 0
784.0 552.0 784.0 1032.5 1231.0 1434.0 1369.0 1712.0 0
784.0 1032.5 784.0 1044.0 1289.0 502.0 1379.0 1038.0 0
784.0 1032.5 784.0 1044.0 1295.0 1018.0 1376.0 1460.0 0
784.0 1032.5 784.0 1044.0 1231.0 1434.0 1369.0 1712.0 0
784.0 1044.0 784.0 1389.5 1289.0 502.0 1379.0 1038.0 0
784.0 1044.0 784.0 1389.5 1295.0 1018.0 1376.0 1460.0 1
784.0 1044.0 784.0 1389.5 1231.0 1434.0 1369.0 1712.0 0
784.0 1389.5 784.0 1621.5 1289.0 502.0 1379.0 1038.0 0
784.0 1389.5 784.0 1621.5 1295.0 1018.0 1376.0 1460.0 0
784.0 1389.5 784.0 1621.5 1231.0 1434.0 1369.0 1712.0 1
784.0 1621.5 784.0 1631.0 1289.0 502.0 1379.0 1038.0 0
784.0 1621.5 784.0 1631.0 1295.0 1018.0 1376.0 1460.0 0
784.0 1621.5 784.0 1631.0 1231.0 1434.0 1369.0 1712.0 0

7939
724.0 273.0 724.0 447.0 1167.0 273.0 1225.0 409.0 1
724.0 273.0 724.0 447.0 1161.0 415.0 1225.0 700.0 0
724.0 273.0 724.0 447.0 1113.0 697.0 1204.0 1106.0 0
724.0 447.0 724.0 678.5 1167.0 273.0 1225.0 409.0 0
724.0 447.0 724.0 678.5 1161.0 415.0 1225.0 700.0 1
724.0 447.0 724.0 678.5 1113.0 697.0 1204.0 1106.0 0
724.0 678.5 724.0 1053.0 1167.0 273.0 1225.0 409.0 0
724.0 678.5 724.0 1053.0 1161.0 415.0 1225.0 700.0 0
724.0 678.5 724.0 1053.0 1113.0 697.0 1204.0 1106.0 1
724.0 1053.0 724.0 1057.0 1167.0 273.0 1225.0 409.0 0
724.0 1053.0 724.0 1057.0 1161.0 415.0 1225.0 700.0 0
724.0 1053.0 724.0 1057.0 1113.0 697.0 1204.0 1106.0 0

7940
250.0 508.5 261.0 508.5 272.0 792.0 594.0 869.0 0
250.0 508.5 261.0 508.5 567.0 747.0 1111.0 858.0 0
250.0 508.5 261.0 508.5 1078.0 753.0 1489.0 864.0 0
250.0 508.5 261.0 508.5 1450.0 747.0 2144.0 875.0 0
250.0 508.5 261.0 508.5 2117.0 786.0 2733.0 897.0 0
261.0 508.5 586.0 508.5 272.0 792.0 594.0 869.0 1
261.0 508.5 586.0 508.5 567.0 747.0 1111.0 858.0 0
261.0 508.5 586.0 508.5 1078.0 753.0 1489.0 864.0 0
261.0 508.5 586.0 508.5 1450.0 747.0 2144.0 875.0 0
261.0 508.5 586.0 508.5 2117.0 786.0 2733.0 897.0 0
586.0 508.5 1011.0 508.5 272.0 792.0 594.0 869.0 0
586.0 508.5 1011.0 508.5 567.0 747.0 1111.0 858.0 1
586.0 508.5 1011.0 508.5 1078.0 753.0 1489.0 864.0 0
586.0 508.5 1011.0 508.5 1450.0 747.0 2144.0 875.0 0
586.0 508.5 1011.0 508.5 2117.0 786.0 2733.0 897.0 0
1011.0 508.5 1047.0 508.5 272.0 792.0 594.0 869.0 0
1011.0 508.5 1047.0 508.5 567.0 747.0 1111.0 858.0 0
1011.0 508.5 1047.0 508.5 1078.0 753.0 1489.0 864.0 0
1011.0 508.5 1047.0 508.5 1450.0 747.0 2144.0 875.0 0
1011.0 508.5 1047.0 508.5 2117.0 786.0 2733.0 897.0 0
1047.0 508.5 1450.0 508.5 272.0 792.0 594.0 869.0 0
1047.0 508.5 1450.0 508.5 567.0 747.0 1111.0 858.0 0
1047.0 508.5 1450.0 508.5 1078.0 753.0 1489.0 864.0 1
1047.0 508.5 1450.0 508.5 1450.0 747.0 2144.0 875.0 0
1047.0 508.5 1450.0 508.5 2117.0 786.0 2733.0 897.0 0
1450.0 508.5 2097.0 508.5 272.0 792.0 594.0 869.0 0
1450.0 508.5 2097.0 508.5 567.0 747.0 1111.0 858.0 0
1450.0 508.5 2097.0 508.5 1078.0 753.0 1489.0 864.0 0
1450.0 508.5 2097.0 508.5 1450.0 747.0 2144.0 875.0 1
1450.0 508.5 2097.0 508.5 2117.0 786.0 2733.0 897.0 0
2097.0 508.5 2097.5 508.5 272.0 792.0 594.0 869.0 0
2097.0 508.5 2097.5 508.5 567.0 747.0 1111.0 858.0 0
2097.0 508.5 2097.5 508.5 1078.0 753.0 1489.0 864.0 0
2097.0 508.5 2097.5 508.5 1450.0 747.0 2144.0 875.0 0
2097.0 508.5 2097.5 508.5 2117.0 786.0 2733.0 897.0 0
2097.5 508.5 2728.0 508.5 272.0 792.0 594.0 869.0 0
2097.5 508.5 2728.0 508.5 567.0 747.0 1111.0 858.0 0
2097.5 508.5 2728.0 508.5 1078.0 753.0 1489.0 864.0 0
2097.5 508.5 2728.0 508.5 1450.0 747.0 2144.0 875.0 0
2097.5 508.5 2728.0 508.5 2117.0 786.0 2733.0 897.0 1

7941
746.0 522.0 1069.0 522.0 483.0 767.0 760.0 854.0 0
746.0 522.0 1069.0 522.0 733.0 763.0 1087.0 849.0 1
746.0 522.0 1069.0 522.0 1074.0 754.0 1383.0 863.0 0
746.0 522.0 1069.0 522.0 1342.0 777.0 1774.0 890.0 0
746.0 522.0 1069.0 522.0 1737.0 790.0 2192.0 922.0 0
746.0 522.0 1069.0 522.0 2160.0 822.0 2528.0 917.0 0
1069.0 522.0 1073.5 522.0 483.0 767.0 760.0 854.0 0
1069.0 522.0 1073.5 522.0 733.0 763.0 1087.0 849.0 0
1069.0 522.0 1073.5 522.0 1074.0 754.0 1383.0 863.0 0
1069.0 522.0 1073.5 522.0 1342.0 777.0 1774.0 890.0 0
1069.0 522.0 1073.5 522.0 1737.0 790.0 2192.0 922.0 0
1069.0 522.0 1073.5 522.0 2160.0 822.0 2528.0 917.0 0
1073.5 522.0 1382.5 522.0 483.0 767.0 760.0 854.0 0
1073.5 522.0 1382.5 522.0 733.0 763.0 1087.0 849.0 0
1073.5 522.0 1382.5 522.0 1074.0 754.0 1383.0 863.0 1
1073.5 522.0 1382.5 522.0 1342.0 777.0 1774.0 890.0 0
1073.5 522.0 1382.5 522.0 1737.0 790.0 2192.0 922.0 0
1073.5 522.0 1382.5 522.0 2160.0 822.0 2528.0 917.0 0
1382.5 522.0 1755.5 522.0 483.0 767.0 760.0 854.0 0
1382.5 522.0 1755.5 522.0 733.0 763.0 1087.0 849.0 0
1382.5 522.0 1755.5 522.0 1074.0 754.0 1383.0 863.0 0
1382.5 522.0 1755.5 522.0 1342.0 777.0 1774.0 890.0 1
1382.5 522.0 1755.5 522.0 1737.0 790.0 2192.0 922.0 0
1382.5 522.0 1755.5 522.0 2160.0 822.0 2528.0 917.0 0
1755.5 522.0 1757.5 522.0 483.0 767.0 760.0 854.0 0
1755.5 522.0 1757.5 522.0 733.0 763.0 1087.0 849.0 0
1755.5 522.0 1757.5 522.0 1074.0 754.0 1383.0 863.0 0
1755.5 522.0 1757.5 522.0 1342.0 777.0 1774.0 890.0 0
1755.5 522.0 1757.5 522.0 1737.0 790.0 2192.0 922.0 0
1755.5 522.0 1757.5 522.0 2160.0 822.0 2528.0 917.0 0
1757.5 522.0 2210.0 522.0 483.0 767.0 760.0 854.0 0
1757.5 522.0 2210.0 522.0 733.0 763.0 1087.0 849.0 0
1757.5 522.0 2210.0 522.0 1074.0 754.0 1383.0 863.0 0
1757.5 522.0 2210.0 522.0 1342.0 777.0 1774.0 890.0 0
1757.5 522.0 2210.0 522.0 1737.0 790.0 2192.0 922.0 1
1757.5 522.0 2210.0 522.0 2160.0 822.0 2528.0 917.0 0

7942
560.0 553.0 994.5 553.0 551.0 842.0 1060.0 933.0 1
560.0 553.0 994.5 553.0 1047.0 842.0 1451.0 938.0 0
560.0 553.0 994.5 553.0 1416.0 846.0 1999.0 938.0 0
994.5 553.0 1416.0 553.0 551.0 842.0 1060.0 933.0 0
994.5 553.0 1416.0 553.0 1047.0 842.0 1451.0 938.0 1
994.5 553.0 1416.0 553.0 1416.0 846.0 1999.0 938.0 0
1416.0 553.0 1438.0 553.0 551.0 842.0 1060.0 933.0 0
1416.0 553.0 1438.0 553.0 1047.0 842.0 1451.0 938.0 0
1416.0 553.0 1438.0 553.0 1416.0 846.0 1999.0 938.0 0
1438.0 553.0 1977.0 553.0 551.0 842.0 1060.0 933.0 0
1438.0 553.0 1977.0 553.0 1047.0 842.0 1451.0 938.0 0
1438.0 553.0 1977.0 553.0 1416.0 846.0 1999.0 938.0 1
1977.0 553.0 2033.0 553.0 551.0 842.0 1060.0 933.0 0
1977.0 553.0 2033.0 553.0 1047.0 842.0 1451.0 938.0 0
1977.0 553.0 2033.0 553.0 1416.0 846.0 1999.0 938.0 0

7943
220.0 503.5 515.0 503.5 210.0 761.0 530.0 826.0 1
220.0 503.5 515.0 503.5 500.0 756.0 920.0 826.0 0
220.0 503.5 515.0 503.5 885.0 741.0 1270.0 836.0 0
220.0 503.5 515.0 503.5 1245.0 746.0 1765.0 846.0 0
220.0 503.5 515.0 503.5 1730.0 746.0 2260.0 866.0 0
515.0 503.5 930.0 503.5 210.0 761.0 530.0 826.0 0
515.0 503.5 930.0 503.5 500.0 756.0 920.0 826.0 1
515.0 503.5 930.0 503.5 885.0 741.0 1270.0 836.0 0
515.0 503.5 930.0 503.5 1245.0 746.0 1765.0 846.0 0
515.0 503.5 930.0 503.5 1730.0 746.0 2260.0 866.0 0
930.0 503.5 1222.5 503.5 210.0 761.0 530.0 826.0 0
930.0 503.5 1222.5 503.5 500.0 756.0 920.0 826.0 0
930.0 503.5 1222.5 503.5 885.0 741.0 1270.0 836.0 1
930.0 503.5 1222.5 503.5 1245.0 746.0 1765.0 846.0 0
930.0 503.5 1222.5 503.5 1730.0 746.0 2260.0 866.0 0
1222.5 503.5 1235.0 503.5 210.0 761.0 530.0 826.0 0
1222.5 503.5 1235.0 503.5 500.0 756.0 920.0 826.0 0
1222.5 503.5 1235.0 503.5 885.0 741.0 1270.0 836.0 0
1222.5 503.5 1235.0 503.5 1245.0 746.0 1765.0 846.0 0
1222.5 503.5 1235.0 503.5 1730.0 746.0 2260.0 866.0 0
1235.0 503.5 1742.5 503.5 210.0 761.0 530.0 826.0 0
1235.0 503.5 1742.5 503.5 500.0 756.0 920.0 826.0 0
1235.0 503.5 1742.5 503.5 885.0 741.0 1270.0 836.0 0
1235.0 503.5 1742.5 503.5 1245.0 746.0 1765.0 846.0 1
1235.0 503.5 1742.5 503.5 1730.0 746.0 2260.0 866.0 0
1742.5 503.5 2182.5 503.5 210.0 761.0 530.0 826.0 0
1742.5 503.5 2182.5 503.5 500.0 756.0 920.0 826.0 0
1742.5 503.5 2182.5 503.5 885.0 741.0 1270.0 836.0 0
1742.5 503.5 2182.5 503.5 1245.0 746.0 1765.0 846.0 0
1742.5 503.5 2182.5 503.5 1730.0 746.0 2260.0 866.0 1
2182.5 503.5 2200.0 503.5 210.0 761.0 530.0 826.0 0
2182.5 503.5 2200.0 503.5 500.0 756.0 920.0 826.0 0
2182.5 503.5 2200.0 503.5 885.0 741.0 1270.0 836.0 0
2182.5 503.5 2200.0 503.5 1245.0 746.0 1765.0 846.0 0
2182.5 503.5 2200.0 503.5 1730.0 746.0 2260.0 866.0 0

7944
274.0 466.0 279.5 466.0 299.0 1114.0 667.0 1186.0 0
274.0 466.0 279.5 466.0 653.0 1114.0 1153.0 1200.0 0
274.0 466.0 279.5 466.0 1135.0 1121.0 1624.0 1218.0 0
279.5 466.0 672.5 466.0 299.0 1114.0 667.0 1186.0 1
279.5 466.0 672.5 466.0 653.0 1114.0 1153.0 1200.0 0
279.5 466.0 672.5 466.0 1135.0 1121.0 1624.0 1218.0 0
672.5 466.0 1108.0 466.0 299.0 1114.0 667.0 1186.0 0
672.5 466.0 1108.0 466.0 653.0 1114.0 1153.0 1200.0 1
672.5 466.0 1108.0 466.0 1135.0 1121.0 1624.0 1218.0 0
1108.0 466.0 1531.5 466.0 299.0 1114.0 667.0 1186.0 0
1108.0 466.0 1531.5 466.0 653.0 1114.0 1153.0 1200.0 0
1108.0 466.0 1531.5 466.0 1135.0 1121.0 1624.0 1218.0 1
1531.5 466.0 1578.0 466.0 299.0 1114.0 667.0 1186.0 0
1531.5 466.0 1578.0 466.0 653.0 1114.0 1153.0 1200.0 0
1531.5 466.0 1578.0 466.0 1135.0 1121.0 1624.0 1218.0 0
288.0 782.0 678.0 782.0 299.0 1114.0 667.0 1186.0 1
288.0 782.0 678.0 782.0 653.0 1114.0 1153.0 1200.0 0
288.0 782.0 678.0 782.0 1135.0 1121.0 1624.0 1218.0 0
678.0 782.0 1099.0 782.0 299.0 1114.0 667.0 1186.0 0
678.0 782.0 1099.0 782.0 653.0 1114.0 1153.0 1200.0 1
678.0 782.0 1099.0 782.0 1135.0 1121.0 1624.0 1218.0 0
1099.0 782.0 1113.0 782.0 299.0 1114.0 667.0 1186.0 0
1099.0 782.0 1113.0 782.0 653.0 1114.0 1153.0 1200.0 0
1099.0 782.0 1113.0 782.0 1135.0 1121.0 1624.0 1218.0 0

7945
399.0 493.5 406.5 493.5 419.0 756.0 919.0 856.0 0
399.0 493.5 406.5 493.5 874.0 741.0 1429.0 856.0 0
399.0 493.5 406.5 493.5 1389.0 731.0 2004.0 841.0 0
399.0 493.5 406.5 493.5 1969.0 726.0 2539.0 841.0 0
406.5 493.5 416.5 493.5 419.0 756.0 919.0 856.0 0
406.5 493.5 416.5 493.5 874.0 741.0 1429.0 856.0 0
406.5 493.5 416.5 493.5 1389.0 731.0 2004.0 841.0 0
406.5 493.5 416.5 493.5 1969.0 726.0 2539.0 841.0 0
416.5 493.5 814.0 493.5 419.0 756.0 919.0 856.0 1
416.5 493.5 814.0 493.5 874.0 741.0 1429.0 856.0 0
416.5 493.5 814.0 493.5 1389.0 731.0 2004.0 841.0 0
416.5 493.5 814.0 493.5 1969.0 726.0 2539.0 841.0 0
814.0 493.5 1419.0 493.5 419.0 756.0 919.0 856.0 0
814.0 493.5 1419.0 493.5 874.0 741.0 1429.0 856.0 1
814.0 493.5 1419.0 493.5 1389.0 731.0 2004.0 841.0 0
814.0 493.5 1419.0 493.5 1969.0 726.0 2539.0 841.0 0
1419.0 493.5 1949.0 493.5 419.0 756.0 919.0 856.0 0
1419.0 493.5 1949.0 493.5 874.0 741.0 1429.0 856.0 0
1419.0 493.5 1949.0 493.5 1389.0 731.0 2004.0 841.0 1
1419.0 493.5 1949.0 493.5 1969.0 726.0 2539.0 841.0 0
1949.0 493.5 2481.5 493.5 419.0 756.0 919.0 856.0 0
1949.0 493.5 2481.5 493.5 874.0 741.0 1429.0 856.0 0
1949.0 493.5 2481.5 493.5 1389.0 731.0 2004.0 841.0 0
1949.0 493.5 2481.5 493.5 1969.0 726.0 2539.0 841.0 1
2481.5 493.5 2519.0 493.5 419.0 756.0 919.0 856.0 0
2481.5 493.5 2519.0 493.5 874.0 741.0 1429.0 856.0 0
2481.5 493.5 2519.0 493.5 1389.0 731.0 2004.0 841.0 0
2481.5 493.5 2519.0 493.5 1969.0 726.0 2539.0 841.0 0

7946
945.0 518.0 1318.5 518.0 892.0 147.0 1339.0 259.0 1
945.0 518.0 1318.5 518.0 1310.0 147.0 1839.0 294.0 0
945.0 518.0 1318.5 518.0 1821.0 188.0 2410.0 318.0 0
1318.5 518.0 1818.0 518.0 892.0 147.0 1339.0 259.0 0
1318.5 518.0 1818.0 518.0 1310.0 147.0 1839.0 294.0 1
1318.5 518.0 1818.0 518.0 1821.0 188.0 2410.0 318.0 0
1818.0 518.0 2339.0 518.0 892.0 147.0 1339.0 259.0 0
1818.0 518.0 2339.0 518.0 1310.0 147.0 1839.0 294.0 0
1818.0 518.0 2339.0 518.0 1821.0 188.0 2410.0 318.0 1

7947
337.0 718.5 345.5 718.5 354.0 1048.0 925.0 1119.0 0
337.0 718.5 345.5 718.5 372.0 1184.0 1384.0 1242.0 0
337.0 718.5 345.5 718.5 384.0 1260.0 1907.0 1342.0 0
337.0 718.5 345.5 718.5 331.0 313.0 2466.0 389.0 0
337.0 718.5 345.5 718.5 360.0 178.0 2837.0 325.0 0
337.0 718.5 345.5 718.5 372.0 60.0 3295.0 325.0 0
345.5 718.5 354.0 718.5 354.0 1048.0 925.0 1119.0 0
345.5 718.5 354.0 718.5 372.0 1184.0 1384.0 1242.0 0
345.5 718.5 354.0 718.5 384.0 1260.0 1907.0 1342.0 0
345.5 718.5 354.0 718.5 331.0 313.0 2466.0 389.0 0
345.5 718.5 354.0 718.5 360.0 178.0 2837.0 325.0 0
345.5 718.5 354.0 718.5 372.0 60.0 3295.0 325.0 0
354.0 718.5 877.5 718.5 354.0 1048.0 925.0 1119.0 1
354.0 718.5 877.5 718.5 372.0 1184.0 1384.0 1242.0 0
354.0 718.5 877.5 718.5 384.0 1260.0 1907.0 1342.0 0
354.0 718.5 877.5 718.5 331.0 313.0 2466.0 389.0 0
354.0 718.5 877.5 718.5 360.0 178.0 2837.0 325.0 0
354.0 718.5 877.5 718.5 372.0 60.0 3295.0 325.0 0
877.5 718.5 895.0 718.5 354.0 1048.0 925.0 1119.0 0
877.5 718.5 895.0 718.5 372.0 1184.0 1384.0 1242.0 0
877.5 718.5 895.0 718.5 384.0 1260.0 1907.0 1342.0 0
877.5 718.5 895.0 718.5 331.0 313.0 2466.0 389.0 0
877.5 718.5 895.0 718.5 360.0 178.0 2837.0 325.0 0
877.5 718.5 895.0 718.5 372.0 60.0 3295.0 325.0 0
895.0 718.5 1430.5 718.5 354.0 1048.0 925.0 1119.0 0
895.0 718.5 1430.5 718.5 372.0 1184.0 1384.0 1242.0 1
895.0 718.5 1430.5 718.5 384.0 1260.0 1907.0 1342.0 0
895.0 718.5 1430.5 718.5 331.0 313.0 2466.0 389.0 0
895.0 718.5 1430.5 718.5 360.0 178.0 2837.0 325.0 0
895.0 718.5 1430.5 718.5 372.0 60.0 3295.0 325.0 0
1430.5 718.5 1910.0 718.5 354.0 1048.0 925.0 1119.0 0
1430.5 718.5 1910.0 718.5 372.0 1184.0 1384.0 1242.0 0
1430.5 718.5 1910.0 718.5 384.0 1260.0 1907.0 1342.0 1
1430.5 718.5 1910.0 718.5 331.0 313.0 2466.0 389.0 0
1430.5 718.5 1910.0 718.5 360.0 178.0 2837.0 325.0 0
1430.5 718.5 1910.0 718.5 372.0 60.0 3295.0 325.0 0
1910.0 718.5 1922.0 718.5 354.0 1048.0 925.0 1119.0 0
1910.0 718.5 1922.0 718.5 372.0 1184.0 1384.0 1242.0 0
1910.0 718.5 1922.0 718.5 384.0 1260.0 1907.0 1342.0 0
1910.0 718.5 1922.0 718.5 331.0 313.0 2466.0 389.0 0
1910.0 718.5 1922.0 718.5 360.0 178.0 2837.0 325.0 0
1910.0 718.5 1922.0 718.5 372.0 60.0 3295.0 325.0 0
1922.0 718.5 2425.0 718.5 354.0 1048.0 925.0 1119.0 0
1922.0 718.5 2425.0 718.5 372.0 1184.0 1384.0 1242.0 0
1922.0 718.5 2425.0 718.5 384.0 1260.0 1907.0 1342.0 0
1922.0 718.5 2425.0 718.5 331.0 313.0 2466.0 389.0 1
1922.0 718.5 2425.0 718.5 360.0 178.0 2837.0 325.0 0
1922.0 718.5 2425.0 718.5 372.0 60.0 3295.0 325.0 0
2425.0 718.5 2887.0 718.5 354.0 1048.0 925.0 1119.0 0
2425.0 718.5 2887.0 718.5 372.0 1184.0 1384.0 1242.0 0
2425.0 718.5 2887.0 718.5 384.0 1260.0 1907.0 1342.0 0
2425.0 718.5 2887.0 718.5 331.0 313.0 2466.0 389.0 0
2425.0 718.5 2887.0 718.5 360.0 178.0 2837.0 325.0 1
2425.0 718.5 2887.0 718.5 372.0 60.0 3295.0 325.0 0
2887.0 718.5 3260.0 718.5 354.0 1048.0 925.0 1119.0 0
2887.0 718.5 3260.0 718.5 372.0 1184.0 1384.0 1242.0 0
2887.0 718.5 3260.0 718.5 384.0 1260.0 1907.0 1342.0 0
2887.0 718.5 3260.0 718.5 331.0 313.0 2466.0 389.0 0
2887.0 718.5 3260.0 718.5 360.0 178.0 2837.0 325.0 0
2887.0 718.5 3260.0 718.5 372.0 60.0 3295.0 325.0 1

7948
642.5 197.0 642.5 225.0 1186.0 204.0 1258.0 494.0 0
642.5 197.0 642.5 225.0 1344.0 208.0 1406.0 835.0 0
642.5 197.0 642.5 225.0 1468.0 228.0 1537.0 1270.0 0
642.5 225.0 642.5 516.5 1186.0 204.0 1258.0 494.0 1
642.5 225.0 642.5 516.5 1344.0 208.0 1406.0 835.0 0
642.5 225.0 642.5 516.5 1468.0 228.0 1537.0 1270.0 0
642.5 516.5 642.5 521.0 1186.0 204.0 1258.0 494.0 0
642.5 516.5 642.5 521.0 1344.0 208.0 1406.0 835.0 0
642.5 516.5 642.5 521.0 1468.0 228.0 1537.0 1270.0 0
642.5 521.0 642.5 819.5 1186.0 204.0 1258.0 494.0 0
642.5 521.0 642.5 819.5 1344.0 208.0 1406.0 835.0 1
642.5 521.0 642.5 819.5 1468.0 228.0 1537.0 1270.0 0
642.5 819.5 642.5 1204.0 1186.0 204.0 1258.0 494.0 0
642.5 819.5 642.5 1204.0 1344.0 208.0 1406.0 835.0 0
642.5 819.5 642.5 1204.0 1468.0 228.0 1537.0 1270.0 1
642.5 1204.0 642.5 1235.0 1186.0 204.0 1258.0 494.0 0
642.5 1204.0 642.5 1235.0 1344.0 208.0 1406.0 835.0 0
642.5 1204.0 642.5 1235.0 1468.0 228.0 1537.0 1270.0 0

7989
455.0 503.5 910.0 503.5 433.0 826.0 830.0 921.0 1
455.0 503.5 910.0 503.5 811.0 821.0 1406.0 980.0 0
455.0 503.5 910.0 503.5 1389.0 865.0 1766.0 994.0 0
910.0 503.5 1424.5 503.5 433.0 826.0 830.0 921.0 0
910.0 503.5 1424.5 503.5 811.0 821.0 1406.0 980.0 1
910.0 503.5 1424.5 503.5 1389.0 865.0 1766.0 994.0 0
1424.5 503.5 1719.0 503.5 433.0 826.0 830.0 921.0 0
1424.5 503.5 1719.0 503.5 811.0 821.0 1406.0 980.0 0
1424.5 503.5 1719.0 503.5 1389.0 865.0 1766.0 994.0 1
1719.0 503.5 1763.0 503.5 433.0 826.0 830.0 921.0 0
1719.0 503.5 1763.0 503.5 811.0 821.0 1406.0 980.0 0
1719.0 503.5 1763.0 503.5 1389.0 865.0 1766.0 994.0 0

7990
403.0 396.5 431.5 396.5 422.0 655.0 816.0 744.0 0
403.0 396.5 431.5 396.5 842.0 672.0 1370.0 739.0 0
403.0 396.5 431.5 396.5 1388.0 665.0 1849.0 752.0 0
403.0 396.5 431.5 396.5 1849.0 670.0 2251.0 778.0 0
431.5 396.5 834.0 396.5 422.0 655.0 816.0 744.0 1
431.5 396.5 834.0 396.5 842.0 672.0 1370.0 739.0 0
431.5 396.5 834.0 396.5 1388.0 665.0 1849.0 752.0 0
431.5 396.5 834.0 396.5 1849.0 670.0 2251.0 778.0 0
834.0 396.5 1361.5 396.5 422.0 655.0 816.0 744.0 0
834.0 396.5 1361.5 396.5 842.0 672.0 1370.0 739.0 1
834.0 396.5 1361.5 396.5 1388.0 665.0 1849.0 752.0 0
834.0 396.5 1361.5 396.5 1849.0 670.0 2251.0 778.0 0
1361.5 396.5 1772.0 396.5 422.0 655.0 816.0 744.0 0
1361.5 396.5 1772.0 396.5 842.0 672.0 1370.0 739.0 0
1361.5 396.5 1772.0 396.5 1388.0 665.0 1849.0 752.0 1
1361.5 396.5 1772.0 396.5 1849.0 670.0 2251.0 778.0 0
1772.0 396.5 1790.0 396.5 422.0 655.0 816.0 744.0 0
1772.0 396.5 1790.0 396.5 842.0 672.0 1370.0 739.0 0
1772.0 396.5 1790.0 396.5 1388.0 665.0 1849.0 752.0 0
1772.0 396.5 1790.0 396.5 1849.0 670.0 2251.0 778.0 0
1790.0 396.5 2244.0 396.5 422.0 655.0 816.0 744.0 0
1790.0 396.5 2244.0 396.5 842.0 672.0 1370.0 739.0 0
1790.0 396.5 2244.0 396.5 1388.0 665.0 1849.0 752.0 0
1790.0 396.5 2244.0 396.5 1849.0 670.0 2251.0 778.0 1
2244.0 396.5 2262.0 396.5 422.0 655.0 816.0 744.0 0
2244.0 396.5 2262.0 396.5 842.0 672.0 1370.0 739.0 0
2244.0 396.5 2262.0 396.5 1388.0 665.0 1849.0 752.0 0
2244.0 396.5 2262.0 396.5 1849.0 670.0 2251.0 778.0 0

7991
643.0 487.5 646.5 487.5 629.0 763.0 827.0 859.0 0
643.0 487.5 646.5 487.5 808.0 752.0 1762.0 884.0 0
643.0 487.5 646.5 487.5 1747.0 799.0 2150.0 899.0 0
643.0 487.5 646.5 487.5 2133.0 812.0 2436.0 922.0 0
646.5 487.5 807.0 487.5 629.0 763.0 827.0 859.0 1
646.5 487.5 807.0 487.5 808.0 752.0 1762.0 884.0 0
646.5 487.5 807.0 487.5 1747.0 799.0 2150.0 899.0 0
646.5 487.5 807.0 487.5 2133.0 812.0 2436.0 922.0 0
807.0 487.5 830.0 487.5 629.0 763.0 827.0 859.0 0
807.0 487.5 830.0 487.5 808.0 752.0 1762.0 884.0 0
807.0 487.5 830.0 487.5 1747.0 799.0 2150.0 899.0 0
807.0 487.5 830.0 487.5 2133.0 812.0 2436.0 922.0 0
830.0 487.5 1710.0 487.5 629.0 763.0 827.0 859.0 0
830.0 487.5 1710.0 487.5 808.0 752.0 1762.0 884.0 1
830.0 487.5 1710.0 487.5 1747.0 799.0 2150.0 899.0 0
830.0 487.5 1710.0 487.5 2133.0 812.0 2436.0 922.0 0
1710.0 487.5 1734.5 487.5 629.0 763.0 827.0 859.0 0
1710.0 487.5 1734.5 487.5 808.0 752.0 1762.0 884.0 0
1710.0 487.5 1734.5 487.5 1747.0 799.0 2150.0 899.0 0
1710.0 487.5 1734.5 487.5 2133.0 812.0 2436.0 922.0 0
1734.5 487.5 2142.5 487.5 629.0 763.0 827.0 859.0 0
1734.5 487.5 2142.5 487.5 808.0 752.0 1762.0 884.0 0
1734.5 487.5 2142.5 487.5 1747.0 799.0 2150.0 899.0 1
1734.5 487.5 2142.5 487.5 2133.0 812.0 2436.0 922.0 0
2142.5 487.5 2201.0 487.5 629.0 763.0 827.0 859.0 0
2142.5 487.5 2201.0 487.5 808.0 752.0 1762.0 884.0 0
2142.5 487.5 2201.0 487.5 1747.0 799.0 2150.0 899.0 0
2142.5 487.5 2201.0 487.5 2133.0 812.0 2436.0 922.0 0
2201.0 487.5 2447.0 487.5 629.0 763.0 827.0 859.0 0
2201.0 487.5 2447.0 487.5 808.0 752.0 1762.0 884.0 0
2201.0 487.5 2447.0 487.5 1747.0 799.0 2150.0 899.0 0
2201.0 487.5 2447.0 487.5 2133.0 812.0 2436.0 922.0 1
2447.0 487.5 2464.0 487.5 629.0 763.0 827.0 859.0 0
2447.0 487.5 2464.0 487.5 808.0 752.0 1762.0 884.0 0
2447.0 487.5 2464.0 487.5 1747.0 799.0 2150.0 899.0 0
2447.0 487.5 2464.0 487.5 2133.0 812.0 2436.0 922.0 0

7992
193.0 671.0 486.0 671.0 169.0 252.0 504.0 306.0 1
193.0 671.0 486.0 671.0 558.0 267.0 929.0 339.0 0
193.0 671.0 486.0 671.0 1243.0 330.0 1780.0 415.0 0
486.0 671.0 491.5 671.0 169.0 252.0 504.0 306.0 0
486.0 671.0 491.5 671.0 558.0 267.0 929.0 339.0 0
486.0 671.0 491.5 671.0 1243.0 330.0 1780.0 415.0 0
491.5 671.0 841.0 671.0 169.0 252.0 504.0 306.0 0
491.5 671.0 841.0 671.0 558.0 267.0 929.0 339.0 1
491.5 671.0 841.0 671.0 1243.0 330.0 1780.0 415.0 0
1147.0 729.5 1156.5 729.5 169.0 252.0 504.0 306.0 0
1147.0 729.5 1156.5 729.5 558.0 267.0 929.0 339.0 0
1147.0 729.5 1156.5 729.5 1243.0 330.0 1780.0 415.0 0
1156.5 729.5 1176.0 729.5 169.0 252.0 504.0 306.0 0
1156.5 729.5 1176.0 729.5 558.0 267.0 929.0 339.0 0
1156.5 729.5 1176.0 729.5 1243.0 330.0 1780.0 415.0 0
1176.0 729.5 1742.5 729.5 169.0 252.0 504.0 306.0 0
1176.0 729.5 1742.5 729.5 558.0 267.0 929.0 339.0 0
1176.0 729.5 1742.5 729.5 1243.0 330.0 1780.0 415.0 1
1742.5 729.5 1750.0 729.5 169.0 252.0 504.0 306.0 0
1742.5 729.5 1750.0 729.5 558.0 267.0 929.0 339.0 0
1742.5 729.5 1750.0 729.5 1243.0 330.0 1780.0 415.0 0
1750.0 729.5 1754.0 729.5 169.0 252.0 504.0 306.0 0
1750.0 729.5 1754.0 729.5 558.0 267.0 929.0 339.0 0
1750.0 729.5 1754.0 729.5 1243.0 330.0 1780.0 415.0 0

7993
445.0 522.0 472.5 522.0 442.0 778.0 822.0 863.0 0
445.0 522.0 472.5 522.0 837.0 805.0 1370.0 858.0 0
445.0 522.0 472.5 522.0 1392.0 797.0 1825.0 868.0 0
472.5 522.0 827.0 522.0 442.0 778.0 822.0 863.0 1
472.5 522.0 827.0 522.0 837.0 805.0 1370.0 858.0 0
472.5 522.0 827.0 522.0 1392.0 797.0 1825.0 868.0 0
827.0 522.0 1380.0 522.0 442.0 778.0 822.0 863.0 0
827.0 522.0 1380.0 522.0 837.0 805.0 1370.0 858.0 1
827.0 522.0 1380.0 522.0 1392.0 797.0 1825.0 868.0 0
1380.0 522.0 1381.0 522.0 442.0 778.0 822.0 863.0 0
1380.0 522.0 1381.0 522.0 837.0 805.0 1370.0 858.0 0
1380.0 522.0 1381.0 522.0 1392.0 797.0 1825.0 868.0 0
1381.0 522.0 1813.0 522.0 442.0 778.0 822.0 863.0 0
1381.0 522.0 1813.0 522.0 837.0 805.0 1370.0 858.0 0
1381.0 522.0 1813.0 522.0 1392.0 797.0 1825.0 868.0 1

7994
387.0 501.0 394.0 501.0 378.0 796.0 942.0 909.0 0
387.0 501.0 394.0 501.0 915.0 754.0 1479.0 912.0 0
387.0 501.0 394.0 501.0 1452.0 756.0 2010.0 870.0 0
394.0 501.0 395.5 501.0 378.0 796.0 942.0 909.0 0
394.0 501.0 395.5 501.0 915.0 754.0 1479.0 912.0 0
394.0 501.0 395.5 501.0 1452.0 756.0 2010.0 870.0 0
395.5 501.0 912.0 501.0 378.0 796.0 942.0 909.0 1
395.5 501.0 912.0 501.0 915.0 754.0 1479.0 912.0 0
395.5 501.0 912.0 501.0 1452.0 756.0 2010.0 870.0 0
912.0 501.0 1459.0 501.0 378.0 796.0 942.0 909.0 0
912.0 501.0 1459.0 501.0 915.0 754.0 1479.0 912.0 1
912.0 501.0 1459.0 501.0 1452.0 756.0 2010.0 870.0 0
1459.0 501.0 1964.0 501.0 378.0 796.0 942.0 909.0 0
1459.0 501.0 1964.0 501.0 915.0 754.0 1479.0 912.0 0
1459.0 501.0 1964.0 501.0 1452.0 756.0 2010.0 870.0 1

7995
294.0 691.5 749.5 691.5 282.0 948.0 774.0 1056.0 1
294.0 691.5 749.5 691.5 292.0 1105.0 1468.0 1207.0 0
294.0 691.5 749.5 691.5 284.0 1254.0 2303.0 1348.0 0
294.0 691.5 749.5 691.5 276.0 1377.0 2853.0 1507.0 0
749.5 691.5 1462.5 691.5 282.0 948.0 774.0 1056.0 0
749.5 691.5 1462.5 691.5 292.0 1105.0 1468.0 1207.0 1
749.5 691.5 1462.5 691.5 284.0 1254.0 2303.0 1348.0 0
749.5 691.5 1462.5 691.5 276.0 1377.0 2853.0 1507.0 0
1462.5 691.5 1468.5 691.5 282.0 948.0 774.0 1056.0 0
1462.5 691.5 1468.5 691.5 292.0 1105.0 1468.0 1207.0 0
1462.5 691.5 1468.5 691.5 284.0 1254.0 2303.0 1348.0 0
1462.5 691.5 1468.5 691.5 276.0 1377.0 2853.0 1507.0 0
1468.5 691.5 2143.0 691.5 282.0 948.0 774.0 1056.0 0
1468.5 691.5 2143.0 691.5 292.0 1105.0 1468.0 1207.0 0
1468.5 691.5 2143.0 691.5 284.0 1254.0 2303.0 1348.0 1
1468.5 691.5 2143.0 691.5 276.0 1377.0 2853.0 1507.0 0
2143.0 691.5 2695.5 691.5 282.0 948.0 774.0 1056.0 0
2143.0 691.5 2695.5 691.5 292.0 1105.0 1468.0 1207.0 0
2143.0 691.5 2695.5 691.5 284.0 1254.0 2303.0 1348.0 0
2143.0 691.5 2695.5 691.5 276.0 1377.0 2853.0 1507.0 1
2695.5 691.5 2762.0 691.5 282.0 948.0 774.0 1056.0 0
2695.5 691.5 2762.0 691.5 292.0 1105.0 1468.0 1207.0 0
2695.5 691.5 2762.0 691.5 284.0 1254.0 2303.0 1348.0 0
2695.5 691.5 2762.0 691.5 276.0 1377.0 2853.0 1507.0 0
2762.0 691.5 2764.0 691.5 282.0 948.0 774.0 1056.0 0
2762.0 691.5 2764.0 691.5 292.0 1105.0 1468.0 1207.0 0
2762.0 691.5 2764.0 691.5 284.0 1254.0 2303.0 1348.0 0
2762.0 691.5 2764.0 691.5 276.0 1377.0 2853.0 1507.0 0

7996
776.5 377.0 776.5 411.0 1377.0 401.0 1483.0 721.0 0
776.5 377.0 776.5 411.0 1318.0 751.0 1446.0 1268.0 0
776.5 377.0 776.5 411.0 1290.0 1290.0 1396.0 1671.0 0
776.5 411.0 776.5 416.0 1377.0 401.0 1483.0 721.0 0
776.5 411.0 776.5 416.0 1318.0 751.0 1446.0 1268.0 0
776.5 411.0 776.5 416.0 1290.0 1290.0 1396.0 1671.0 0
776.5 416.0 776.5 767.0 1377.0 401.0 1483.0 721.0 1
776.5 416.0 776.5 767.0 1318.0 751.0 1446.0 1268.0 0
776.5 416.0 776.5 767.0 1290.0 1290.0 1396.0 1671.0 0
776.5 767.0 776.5 1226.0 1377.0 401.0 1483.0 721.0 0
776.5 767.0 776.5 1226.0 1318.0 751.0 1446.0 1268.0 1
776.5 767.0 776.5 1226.0 1290.0 1290.0 1396.0 1671.0 0
776.5 1226.0 776.5 1640.0 1377.0 401.0 1483.0 721.0 0
776.5 1226.0 776.5 1640.0 1318.0 751.0 1446.0 1268.0 0
776.5 1226.0 776.5 1640.0 1290.0 1290.0 1396.0 1671.0 1

7997
444.0 402.0 444.0 628.0 911.0 380.0 997.0 626.0 1
444.0 402.0 444.0 628.0 911.0 613.0 984.0 811.0 0
444.0 402.0 444.0 628.0 925.0 816.0 1004.0 1157.0 0
444.0 628.0 444.0 843.0 911.0 380.0 997.0 626.0 0
444.0 628.0 444.0 843.0 911.0 613.0 984.0 811.0 1
444.0 628.0 444.0 843.0 925.0 816.0 1004.0 1157.0 0
444.0 843.0 444.0 1160.0 911.0 380.0 997.0 626.0 0
444.0 843.0 444.0 1160.0 911.0 613.0 984.0 811.0 0
444.0 843.0 444.0 1160.0 925.0 816.0 1004.0 1157.0 1
444.0 1160.0 444.0 1189.0 911.0 380.0 997.0 626.0 0
444.0 1160.0 444.0 1189.0 911.0 613.0 984.0 811.0 0
444.0 1160.0 444.0 1189.0 925.0 816.0 1004.0 1157.0 0

7998
163.0 639.5 171.0 639.5 183.0 956.0 514.0 1017.0 0
163.0 639.5 171.0 639.5 170.0 1091.0 956.0 1170.0 0
163.0 639.5 171.0 639.5 152.0 1234.0 1370.0 1293.0 0
163.0 639.5 171.0 639.5 154.0 1338.0 1897.0 1438.0 0
163.0 639.5 171.0 639.5 140.0 1494.0 2270.0 1558.0 0
171.0 639.5 518.0 639.5 183.0 956.0 514.0 1017.0 1
171.0 639.5 518.0 639.5 170.0 1091.0 956.0 1170.0 0
171.0 639.5 518.0 639.5 152.0 1234.0 1370.0 1293.0 0
171.0 639.5 518.0 639.5 154.0 1338.0 1897.0 1438.0 0
171.0 639.5 518.0 639.5 140.0 1494.0 2270.0 1558.0 0
518.0 639.5 918.0 639.5 183.0 956.0 514.0 1017.0 0
518.0 639.5 918.0 639.5 170.0 1091.0 956.0 1170.0 1
518.0 639.5 918.0 639.5 152.0 1234.0 1370.0 1293.0 0
518.0 639.5 918.0 639.5 154.0 1338.0 1897.0 1438.0 0
518.0 639.5 918.0 639.5 140.0 1494.0 2270.0 1558.0 0
918.0 639.5 929.5 639.5 183.0 956.0 514.0 1017.0 0
918.0 639.5 929.5 639.5 170.0 1091.0 956.0 1170.0 0
918.0 639.5 929.5 639.5 152.0 1234.0 1370.0 1293.0 0
918.0 639.5 929.5 639.5 154.0 1338.0 1897.0 1438.0 0
918.0 639.5 929.5 639.5 140.0 1494.0 2270.0 1558.0 0
929.5 639.5 1350.5 639.5 183.0 956.0 514.0 1017.0 0
929.5 639.5 1350.5 639.5 170.0 1091.0 956.0 1170.0 0
929.5 639.5 1350.5 639.5 152.0 1234.0 1370.0 1293.0 1
929.5 639.5 1350.5 639.5 154.0 1338.0 1897.0 1438.0 0
929.5 639.5 1350.5 639.5 140.0 1494.0 2270.0 1558.0 0
1350.5 639.5 1879.0 639.5 183.0 956.0 514.0 1017.0 0
1350.5 639.5 1879.0 639.5 170.0 1091.0 956.0 1170.0 0
1350.5 639.5 1879.0 639.5 152.0 1234.0 1370.0 1293.0 0
1350.5 639.5 1879.0 639.5 154.0 1338.0 1897.0 1438.0 1
1350.5 639.5 1879.0 639.5 140.0 1494.0 2270.0 1558.0 0
1879.0 639.5 1887.0 639.5 183.0 956.0 514.0 1017.0 0
1879.0 639.5 1887.0 639.5 170.0 1091.0 956.0 1170.0 0
1879.0 639.5 1887.0 639.5 152.0 1234.0 1370.0 1293.0 0
1879.0 639.5 1887.0 639.5 154.0 1338.0 1897.0 1438.0 0
1879.0 639.5 1887.0 639.5 140.0 1494.0 2270.0 1558.0 0
1887.0 639.5 2216.0 639.5 183.0 956.0 514.0 1017.0 0
1887.0 639.5 2216.0 639.5 170.0 1091.0 956.0 1170.0 0
1887.0 639.5 2216.0 639.5 152.0 1234.0 1370.0 1293.0 0
1887.0 639.5 2216.0 639.5 154.0 1338.0 1897.0 1438.0 0
1887.0 639.5 2216.0 639.5 140.0 1494.0 2270.0 1558.0 1
2216.0 639.5 2223.0 639.5 183.0 956.0 514.0 1017.0 0
2216.0 639.5 2223.0 639.5 170.0 1091.0 956.0 1170.0 0
2216.0 639.5 2223.0 639.5 152.0 1234.0 1370.0 1293.0 0
2216.0 639.5 2223.0 639.5 154.0 1338.0 1897.0 1438.0 0
2216.0 639.5 2223.0 639.5 140.0 1494.0 2270.0 1558.0 0

7999
403.0 791.0 855.5 791.0 393.0 467.0 870.0 572.0 1
403.0 791.0 855.5 791.0 843.0 470.0 1618.0 563.0 0
403.0 791.0 855.5 791.0 1593.0 460.0 2160.0 572.0 0
855.5 791.0 1581.0 791.0 393.0 467.0 870.0 572.0 0
855.5 791.0 1581.0 791.0 843.0 470.0 1618.0 563.0 1
855.5 791.0 1581.0 791.0 1593.0 460.0 2160.0 572.0 0
1581.0 791.0 2151.0 791.0 393.0 467.0 870.0 572.0 0
1581.0 791.0 2151.0 791.0 843.0 470.0 1618.0 563.0 0
1581.0 791.0 2151.0 791.0 1593.0 460.0 2160.0 572.0 1

8001
948.0 479.0 948.0 997.0 2286.0 399.0 2412.0 892.0 1
948.0 479.0 948.0 997.0 2266.0 876.0 2402.0 1489.0 0
948.0 479.0 948.0 997.0 2250.0 1468.0 2394.0 2220.0 0
948.0 997.0 948.0 1538.0 2286.0 399.0 2412.0 892.0 0
948.0 997.0 948.0 1538.0 2266.0 876.0 2402.0 1489.0 1
948.0 997.0 948.0 1538.0 2250.0 1468.0 2394.0 2220.0 0
948.0 1538.0 948.0 1543.0 2286.0 399.0 2412.0 892.0 0
948.0 1538.0 948.0 1543.0 2266.0 876.0 2402.0 1489.0 0
948.0 1538.0 948.0 1543.0 2250.0 1468.0 2394.0 2220.0 0
1536.0 466.0 1536.0 934.0 2286.0 399.0 2412.0 892.0 1
1536.0 466.0 1536.0 934.0 2266.0 876.0 2402.0 1489.0 0
1536.0 466.0 1536.0 934.0 2250.0 1468.0 2394.0 2220.0 0
1536.0 934.0 1536.0 1477.5 2286.0 399.0 2412.0 892.0 0
1536.0 934.0 1536.0 1477.5 2266.0 876.0 2402.0 1489.0 1
1536.0 934.0 1536.0 1477.5 2250.0 1468.0 2394.0 2220.0 0
1536.0 1477.5 1536.0 2086.5 2286.0 399.0 2412.0 892.0 0
1536.0 1477.5 1536.0 2086.5 2266.0 876.0 2402.0 1489.0 0
1536.0 1477.5 1536.0 2086.5 2250.0 1468.0 2394.0 2220.0 1
1536.0 2086.5 1536.0 2108.5 2286.0 399.0 2412.0 892.0 0
1536.0 2086.5 1536.0 2108.5 2266.0 876.0 2402.0 1489.0 0
1536.0 2086.5 1536.0 2108.5 2250.0 1468.0 2394.0 2220.0 0
1536.0 2108.5 1536.0 2181.0 2286.0 399.0 2412.0 892.0 0
1536.0 2108.5 1536.0 2181.0 2266.0 876.0 2402.0 1489.0 0
1536.0 2108.5 1536.0 2181.0 2250.0 1468.0 2394.0 2220.0 0

8002
428.0 720.5 444.0 720.5 442.0 1057.0 842.0 1154.0 0
428.0 720.5 444.0 720.5 808.0 1050.0 1314.0 1150.0 0
428.0 720.5 444.0 720.5 1289.0 1041.0 1900.0 1141.0 0
428.0 720.5 444.0 720.5 1875.0 1043.0 2405.0 1148.0 0
444.0 720.5 472.5 720.5 442.0 1057.0 842.0 1154.0 0
444.0 720.5 472.5 720.5 808.0 1050.0 1314.0 1150.0 0
444.0 720.5 472.5 720.5 1289.0 1041.0 1900.0 1141.0 0
444.0 720.5 472.5 720.5 1875.0 1043.0 2405.0 1148.0 0
472.5 720.5 810.0 720.5 442.0 1057.0 842.0 1154.0 1
472.5 720.5 810.0 720.5 808.0 1050.0 1314.0 1150.0 0
472.5 720.5 810.0 720.5 1289.0 1041.0 1900.0 1141.0 0
472.5 720.5 810.0 720.5 1875.0 1043.0 2405.0 1148.0 0
810.0 720.5 1300.5 720.5 442.0 1057.0 842.0 1154.0 0
810.0 720.5 1300.5 720.5 808.0 1050.0 1314.0 1150.0 1
810.0 720.5 1300.5 720.5 1289.0 1041.0 1900.0 1141.0 0
810.0 720.5 1300.5 720.5 1875.0 1043.0 2405.0 1148.0 0
1300.5 720.5 1832.5 720.5 442.0 1057.0 842.0 1154.0 0
1300.5 720.5 1832.5 720.5 808.0 1050.0 1314.0 1150.0 0
1300.5 720.5 1832.5 720.5 1289.0 1041.0 1900.0 1141.0 1
1300.5 720.5 1832.5 720.5 1875.0 1043.0 2405.0 1148.0 0
1832.5 720.5 2329.0 720.5 442.0 1057.0 842.0 1154.0 0
1832.5 720.5 2329.0 720.5 808.0 1050.0 1314.0 1150.0 0
1832.5 720.5 2329.0 720.5 1289.0 1041.0 1900.0 1141.0 0
1832.5 720.5 2329.0 720.5 1875.0 1043.0 2405.0 1148.0 1
2329.0 720.5 2350.0 720.5 442.0 1057.0 842.0 1154.0 0
2329.0 720.5 2350.0 720.5 808.0 1050.0 1314.0 1150.0 0
2329.0 720.5 2350.0 720.5 1289.0 1041.0 1900.0 1141.0 0
2329.0 720.5 2350.0 720.5 1875.0 1043.0 2405.0 1148.0 0


EOF